static std::array<std::array<float, nptch>, nptch> sbetaMatrix = {{
{{0.00557044437309,0.00557044437309,0.00506564322243,0.00458361700594,0.00414746164879,0.00375281196157,0.00339571815755,0.00307260632192,0.00278024264284,0.00251570104633,0.00227633391118,0.00205974557065,0.00186376833583,0.00168644080068,0.00152598821163,0.00138080470523,0.00124943723616,0.00113057103464,0.00102301644776,0.000925697033069,0.00557044437309,0.00537122400471,0.00494746826487,0.00450984107777,0.00409672135432,0.00371583863903,0.00336773321088,0.00305084988152,0.00276298943102,0.00250180825763,0.00226501057011,0.002050425106,0.0018560336302,0.00167997782599,0.00152055613568,0.00137621594049,0.00124554372929,0.00112725460612,0.00102018183674,0.000923266794769,0.00506564322243,0.00494746826487,0.00466293187436,0.00431431295156,0.00395621199591,0.0036110284287,0.00328728881754,0.00298774352672,0.00271263431282,0.00246107973064,0.00223170396374,0.00202293936424,0.00183317799309,0.00166084887755,0.00150445686346,0.00136260084282,0.00123398061514,0.00111739740717,0.0010117508722,0.000916034195374,0.00458361700594,0.00450984107777,0.00431431295156,0.00404804686982,0.00375281196157,0.00345360408035,0.00316357425241,0.00288913204385,0.00263305535506,0.00239617852666,0.00217829512864,0.00197864850994,0.00179620451805,0.00162980620588,0.00147826269679,0.00134040026604,0.00121509120383,0.00110126935734,0.000997937578882,0.000904170226831,0.00414746164879,0.00409672135432,0.00395621199591,0.00375281196157,0.00351425078115,0.00326156489618,0.00300843001624,0.00276298943102,0.00252975773887,0.00231099488307,0.00210759108005,0.00191961557114,0.00174665410439,0.00158801713268,0.00144286902693,0.00131030860751,0.00118941929172,0.00107930002881,0.000979083945781,0.000887949061591,0.00375281196157,0.00371583863903,0.0036110284287,0.00345360408035,0.00326156489618,0.00305084988152,0.00283349479582,0.00261774571439,0.00240887443467,0.00221003386126,0.00202293936424,0.00184835749024,0.00168644080068,0.00153695276997,0.00139941764933,0.00127322003069,0.00115767085041,0.00105205096417,0.0009556396664,0.000867733052374,0.00339571815755,0.00336773321088,0.00328728881754,0.00316357425241,0.00300843001624,0.00283349479582,0.00264856069593,0.00246107973064,0.00227633391118,0.00209785203489,0.00192784687672,0.00176758514088,0.00161767244648,0.00147826269679,0.00134920805552,0.00123016487893,0.00112066789961,0.00102018183674,0.000928137052356,0.000843953953492,0.00307260632192,0.00305084988152,0.00298774352672,0.00288913204385,0.00276298943102,0.00261774571439,0.00246107973064,0.00229932402209,0.00213733918524,0.00197864850994,0.00182567321199,0.00167997782599,0.00154248591124,0.00141365453789,0.00129360906825,0.0011822444494,0.00107930002881,0.000984414157042,0.000897163662226,0.000817092129455,0.00278024264284,0.00276298943102,0.00271263431282,0.00263305535506,0.00252975773887,0.00240887443467,0.00227633391118,0.00213733918524,0.00199614347754,0.0018560336302,0.00171942756337,0.00158801713268,0.00146291590266,0.00134479222284,0.00123398061514,0.00113057103464,0.00103447843482,0.0009454959651,0.00086333508919,0.000787655498134,0.00251570104633,0.00250180825763,0.00246107973064,0.00239617852666,0.00231099488307,0.00221003386126,0.00209785203489,0.00197864850994,0.0018560336302,0.00173294533863,0.00161166458268,0.00149388501901,0.00138080470523,0.00127322003069,0.00117161161118,0.00107621794714,0.000987096084444,0.000904170226831,0.000827269938905,0.000756159722055,0.00227633391118,0.00226501057011,0.00223170396374,0.00217829512864,0.00210759108005,0.00202293936424,0.00192784687672,0.00182567321199,0.00171942756337,0.00161166458268,0.00150445686346,0.00139941764933,0.00129775107016,0.00120031355277,0.00110767610829,0.00102018183674,0.000937996101267,0.000861148706027,0.000789568434998,0.000723110788484,0.00205974557065,0.002050425106,0.00202293936424,0.00197864850994,0.00191961557114,0.00184835749024,0.00176758514088,0.00167997782599,0.00158801713268,0.00149388501901,0.00139941764933,0.00130610066116,0.00121509120383,0.00112725460612,0.00104320690028,0.000963357539553,0.000887949061591,0.000817092129455,0.000750795450095,0.000688990691306,0.00186376833583,0.0018560336302,0.00183317799309,0.00179620451805,0.00174665410439,0.00168644080068,0.00161767244648,0.00154248591124,0.00146291590266,0.00138080470523,0.00129775107016,0.00121509120383,0.0011339029914,0.00105502506902,0.000979083945781,0.000906524240917,0.000837638785155,0.000772596658462,0.000711468183228,0.000654246518474,0.00168644080068,0.00167997782599,0.00166084887755,0.00162980620588,0.00158801713268,0.00153695276997,0.00147826269679,0.00141365453789,0.00134479222284,0.00127322003069,0.00120031355277,0.00112725460612,0.00105502506902,0.000984414157042,0.000916034195374,0.000850340930982,0.000787655498134,0.000728186103655,0.000672048254979,0.000619282907849,0.00152598821163,0.00152055613568,0.00150445686346,0.00147826269679,0.00144286902693,0.00139941764933,0.00134920805552,0.00129360906825,0.00123398061514,0.00117161161118,0.00110767610829,0.00104320690028,0.000979083945781,0.000916034195374,0.000854639395111,0.000795348869252,0.000738494902813,0.000684308979717,0.00063293769223,0.000584457585867,0.00138080470523,0.00137621594049,0.00136260084282,0.00134040026604,0.00131030860751,0.00127322003069,0.00123016487893,0.0011822444494,0.00113057103464,0.00107621794714,0.00102018183674,0.000963357539553,0.000906524240917,0.000850340930982,0.000795348869252,0.000741978881659,0.000690561626955,0.000641339361053,0.000594478116026,0.000550079550372,0.00124943723616,0.00124554372929,0.00123398061514,0.00121509120383,0.00118941929172,0.00115767085041,0.00112066789961,0.00107930002881,0.00103447843482,0.000987096084444,0.000937996101267,0.000887949061591,0.000837638785155,0.000787655498134,0.000738494902813,0.000690561626955,0.000644175648561,0.000599580511675,0.000556952401337,0.000516409389167,0.00113057103464,0.00112725460612,0.00111739740717,0.00110126935734,0.00107930002881,0.00105205096417,0.00102018183674,0.000984414157042,0.0009454959651,0.000904170226831,0.000861148706027,0.000817092129455,0.000772596658462,0.000728186103655,0.000684308979717,0.000641339361053,0.000599580511675,0.000559270368872,0.00052058811291,0.000483661220317,0.00102301644776,0.00102018183674,0.0010117508722,0.000997937578882,0.000979083945781,0.0009556396664,0.000928137052356,0.000897163662226,0.00086333508919,0.000827269938905,0.000789568434998,0.000750795450095,0.000711468183228,0.000672048254979,0.00063293769223,0.000594478116026,0.000556952401337,0.00052058811291,0.000485562104938,0.000452005778248,0.000925697033069,0.000923266794769,0.000916034195374,0.000904170226831,0.000887949061591,0.000867733052374,0.000843953953492,0.000817092129455,0.000787655498134,0.000756159722055,0.000723110788484,0.000688990691306,0.000654246518474,0.000619282907849,0.000584457585867,0.000550079550372,0.000516409389167,0.000483661220317,0.000452005778248,0.000421574232896}},
{{0.00557044437309,0.00557044437309,0.00557044437309,0.00506564322243,0.00458361700594,0.00414746164879,0.00375281196157,0.00339571815755,0.00307260632192,0.00278024264284,0.00251570104633,0.00227633391118,0.00205974557065,0.00186376833583,0.00168644080068,0.00152598821163,0.00138080470523,0.00124943723616,0.00113057103464,0.00102301644776,0.00537122400471,0.00557044437309,0.00537122400471,0.00494746826487,0.00450984107777,0.00409672135432,0.00371583863903,0.00336773321088,0.00305084988152,0.00276298943102,0.00250180825763,0.00226501057011,0.002050425106,0.0018560336302,0.00167997782599,0.00152055613568,0.00137621594049,0.00124554372929,0.00112725460612,0.00102018183674,0.00494746826487,0.00506564322243,0.00494746826487,0.00466293187436,0.00431431295156,0.00395621199591,0.0036110284287,0.00328728881754,0.00298774352672,0.00271263431282,0.00246107973064,0.00223170396374,0.00202293936424,0.00183317799309,0.00166084887755,0.00150445686346,0.00136260084282,0.00123398061514,0.00111739740717,0.0010117508722,0.00450984107777,0.00458361700594,0.00450984107777,0.00431431295156,0.00404804686982,0.00375281196157,0.00345360408035,0.00316357425241,0.00288913204385,0.00263305535506,0.00239617852666,0.00217829512864,0.00197864850994,0.00179620451805,0.00162980620588,0.00147826269679,0.00134040026604,0.00121509120383,0.00110126935734,0.000997937578882,0.00409672135432,0.00414746164879,0.00409672135432,0.00395621199591,0.00375281196157,0.00351425078115,0.00326156489618,0.00300843001624,0.00276298943102,0.00252975773887,0.00231099488307,0.00210759108005,0.00191961557114,0.00174665410439,0.00158801713268,0.00144286902693,0.00131030860751,0.00118941929172,0.00107930002881,0.000979083945781,0.00371583863903,0.00375281196157,0.00371583863903,0.0036110284287,0.00345360408035,0.00326156489618,0.00305084988152,0.00283349479582,0.00261774571439,0.00240887443467,0.00221003386126,0.00202293936424,0.00184835749024,0.00168644080068,0.00153695276997,0.00139941764933,0.00127322003069,0.00115767085041,0.00105205096417,0.0009556396664,0.00336773321088,0.00339571815755,0.00336773321088,0.00328728881754,0.00316357425241,0.00300843001624,0.00283349479582,0.00264856069593,0.00246107973064,0.00227633391118,0.00209785203489,0.00192784687672,0.00176758514088,0.00161767244648,0.00147826269679,0.00134920805552,0.00123016487893,0.00112066789961,0.00102018183674,0.000928137052356,0.00305084988152,0.00307260632192,0.00305084988152,0.00298774352672,0.00288913204385,0.00276298943102,0.00261774571439,0.00246107973064,0.00229932402209,0.00213733918524,0.00197864850994,0.00182567321199,0.00167997782599,0.00154248591124,0.00141365453789,0.00129360906825,0.0011822444494,0.00107930002881,0.000984414157042,0.000897163662226,0.00276298943102,0.00278024264284,0.00276298943102,0.00271263431282,0.00263305535506,0.00252975773887,0.00240887443467,0.00227633391118,0.00213733918524,0.00199614347754,0.0018560336302,0.00171942756337,0.00158801713268,0.00146291590266,0.00134479222284,0.00123398061514,0.00113057103464,0.00103447843482,0.0009454959651,0.00086333508919,0.00250180825763,0.00251570104633,0.00250180825763,0.00246107973064,0.00239617852666,0.00231099488307,0.00221003386126,0.00209785203489,0.00197864850994,0.0018560336302,0.00173294533863,0.00161166458268,0.00149388501901,0.00138080470523,0.00127322003069,0.00117161161118,0.00107621794714,0.000987096084444,0.000904170226831,0.000827269938905,0.00226501057011,0.00227633391118,0.00226501057011,0.00223170396374,0.00217829512864,0.00210759108005,0.00202293936424,0.00192784687672,0.00182567321199,0.00171942756337,0.00161166458268,0.00150445686346,0.00139941764933,0.00129775107016,0.00120031355277,0.00110767610829,0.00102018183674,0.000937996101267,0.000861148706027,0.000789568434998,0.002050425106,0.00205974557065,0.002050425106,0.00202293936424,0.00197864850994,0.00191961557114,0.00184835749024,0.00176758514088,0.00167997782599,0.00158801713268,0.00149388501901,0.00139941764933,0.00130610066116,0.00121509120383,0.00112725460612,0.00104320690028,0.000963357539553,0.000887949061591,0.000817092129455,0.000750795450095,0.0018560336302,0.00186376833583,0.0018560336302,0.00183317799309,0.00179620451805,0.00174665410439,0.00168644080068,0.00161767244648,0.00154248591124,0.00146291590266,0.00138080470523,0.00129775107016,0.00121509120383,0.0011339029914,0.00105502506902,0.000979083945781,0.000906524240917,0.000837638785155,0.000772596658462,0.000711468183228,0.00167997782599,0.00168644080068,0.00167997782599,0.00166084887755,0.00162980620588,0.00158801713268,0.00153695276997,0.00147826269679,0.00141365453789,0.00134479222284,0.00127322003069,0.00120031355277,0.00112725460612,0.00105502506902,0.000984414157042,0.000916034195374,0.000850340930982,0.000787655498134,0.000728186103655,0.000672048254979,0.00152055613568,0.00152598821163,0.00152055613568,0.00150445686346,0.00147826269679,0.00144286902693,0.00139941764933,0.00134920805552,0.00129360906825,0.00123398061514,0.00117161161118,0.00110767610829,0.00104320690028,0.000979083945781,0.000916034195374,0.000854639395111,0.000795348869252,0.000738494902813,0.000684308979717,0.00063293769223,0.00137621594049,0.00138080470523,0.00137621594049,0.00136260084282,0.00134040026604,0.00131030860751,0.00127322003069,0.00123016487893,0.0011822444494,0.00113057103464,0.00107621794714,0.00102018183674,0.000963357539553,0.000906524240917,0.000850340930982,0.000795348869252,0.000741978881659,0.000690561626955,0.000641339361053,0.000594478116026,0.00124554372929,0.00124943723616,0.00124554372929,0.00123398061514,0.00121509120383,0.00118941929172,0.00115767085041,0.00112066789961,0.00107930002881,0.00103447843482,0.000987096084444,0.000937996101267,0.000887949061591,0.000837638785155,0.000787655498134,0.000738494902813,0.000690561626955,0.000644175648561,0.000599580511675,0.000556952401337,0.00112725460612,0.00113057103464,0.00112725460612,0.00111739740717,0.00110126935734,0.00107930002881,0.00105205096417,0.00102018183674,0.000984414157042,0.0009454959651,0.000904170226831,0.000861148706027,0.000817092129455,0.000772596658462,0.000728186103655,0.000684308979717,0.000641339361053,0.000599580511675,0.000559270368872,0.00052058811291,0.00102018183674,0.00102301644776,0.00102018183674,0.0010117508722,0.000997937578882,0.000979083945781,0.0009556396664,0.000928137052356,0.000897163662226,0.00086333508919,0.000827269938905,0.000789568434998,0.000750795450095,0.000711468183228,0.000672048254979,0.00063293769223,0.000594478116026,0.000556952401337,0.00052058811291,0.000485562104938,0.000923266794769,0.000925697033069,0.000923266794769,0.000916034195374,0.000904170226831,0.000887949061591,0.000867733052374,0.000843953953492,0.000817092129455,0.000787655498134,0.000756159722055,0.000723110788484,0.000688990691306,0.000654246518474,0.000619282907849,0.000584457585867,0.000550079550372,0.000516409389167,0.000483661220317,0.000452005778248}},
{{0.00506564322243,0.00557044437309,0.00557044437309,0.00557044437309,0.00506564322243,0.00458361700594,0.00414746164879,0.00375281196157,0.00339571815755,0.00307260632192,0.00278024264284,0.00251570104633,0.00227633391118,0.00205974557065,0.00186376833583,0.00168644080068,0.00152598821163,0.00138080470523,0.00124943723616,0.00113057103464,0.00494746826487,0.00537122400471,0.00557044437309,0.00537122400471,0.00494746826487,0.00450984107777,0.00409672135432,0.00371583863903,0.00336773321088,0.00305084988152,0.00276298943102,0.00250180825763,0.00226501057011,0.002050425106,0.0018560336302,0.00167997782599,0.00152055613568,0.00137621594049,0.00124554372929,0.00112725460612,0.00466293187436,0.00494746826487,0.00506564322243,0.00494746826487,0.00466293187436,0.00431431295156,0.00395621199591,0.0036110284287,0.00328728881754,0.00298774352672,0.00271263431282,0.00246107973064,0.00223170396374,0.00202293936424,0.00183317799309,0.00166084887755,0.00150445686346,0.00136260084282,0.00123398061514,0.00111739740717,0.00431431295156,0.00450984107777,0.00458361700594,0.00450984107777,0.00431431295156,0.00404804686982,0.00375281196157,0.00345360408035,0.00316357425241,0.00288913204385,0.00263305535506,0.00239617852666,0.00217829512864,0.00197864850994,0.00179620451805,0.00162980620588,0.00147826269679,0.00134040026604,0.00121509120383,0.00110126935734,0.00395621199591,0.00409672135432,0.00414746164879,0.00409672135432,0.00395621199591,0.00375281196157,0.00351425078115,0.00326156489618,0.00300843001624,0.00276298943102,0.00252975773887,0.00231099488307,0.00210759108005,0.00191961557114,0.00174665410439,0.00158801713268,0.00144286902693,0.00131030860751,0.00118941929172,0.00107930002881,0.0036110284287,0.00371583863903,0.00375281196157,0.00371583863903,0.0036110284287,0.00345360408035,0.00326156489618,0.00305084988152,0.00283349479582,0.00261774571439,0.00240887443467,0.00221003386126,0.00202293936424,0.00184835749024,0.00168644080068,0.00153695276997,0.00139941764933,0.00127322003069,0.00115767085041,0.00105205096417,0.00328728881754,0.00336773321088,0.00339571815755,0.00336773321088,0.00328728881754,0.00316357425241,0.00300843001624,0.00283349479582,0.00264856069593,0.00246107973064,0.00227633391118,0.00209785203489,0.00192784687672,0.00176758514088,0.00161767244648,0.00147826269679,0.00134920805552,0.00123016487893,0.00112066789961,0.00102018183674,0.00298774352672,0.00305084988152,0.00307260632192,0.00305084988152,0.00298774352672,0.00288913204385,0.00276298943102,0.00261774571439,0.00246107973064,0.00229932402209,0.00213733918524,0.00197864850994,0.00182567321199,0.00167997782599,0.00154248591124,0.00141365453789,0.00129360906825,0.0011822444494,0.00107930002881,0.000984414157042,0.00271263431282,0.00276298943102,0.00278024264284,0.00276298943102,0.00271263431282,0.00263305535506,0.00252975773887,0.00240887443467,0.00227633391118,0.00213733918524,0.00199614347754,0.0018560336302,0.00171942756337,0.00158801713268,0.00146291590266,0.00134479222284,0.00123398061514,0.00113057103464,0.00103447843482,0.0009454959651,0.00246107973064,0.00250180825763,0.00251570104633,0.00250180825763,0.00246107973064,0.00239617852666,0.00231099488307,0.00221003386126,0.00209785203489,0.00197864850994,0.0018560336302,0.00173294533863,0.00161166458268,0.00149388501901,0.00138080470523,0.00127322003069,0.00117161161118,0.00107621794714,0.000987096084444,0.000904170226831,0.00223170396374,0.00226501057011,0.00227633391118,0.00226501057011,0.00223170396374,0.00217829512864,0.00210759108005,0.00202293936424,0.00192784687672,0.00182567321199,0.00171942756337,0.00161166458268,0.00150445686346,0.00139941764933,0.00129775107016,0.00120031355277,0.00110767610829,0.00102018183674,0.000937996101267,0.000861148706027,0.00202293936424,0.002050425106,0.00205974557065,0.002050425106,0.00202293936424,0.00197864850994,0.00191961557114,0.00184835749024,0.00176758514088,0.00167997782599,0.00158801713268,0.00149388501901,0.00139941764933,0.00130610066116,0.00121509120383,0.00112725460612,0.00104320690028,0.000963357539553,0.000887949061591,0.000817092129455,0.00183317799309,0.0018560336302,0.00186376833583,0.0018560336302,0.00183317799309,0.00179620451805,0.00174665410439,0.00168644080068,0.00161767244648,0.00154248591124,0.00146291590266,0.00138080470523,0.00129775107016,0.00121509120383,0.0011339029914,0.00105502506902,0.000979083945781,0.000906524240917,0.000837638785155,0.000772596658462,0.00166084887755,0.00167997782599,0.00168644080068,0.00167997782599,0.00166084887755,0.00162980620588,0.00158801713268,0.00153695276997,0.00147826269679,0.00141365453789,0.00134479222284,0.00127322003069,0.00120031355277,0.00112725460612,0.00105502506902,0.000984414157042,0.000916034195374,0.000850340930982,0.000787655498134,0.000728186103655,0.00150445686346,0.00152055613568,0.00152598821163,0.00152055613568,0.00150445686346,0.00147826269679,0.00144286902693,0.00139941764933,0.00134920805552,0.00129360906825,0.00123398061514,0.00117161161118,0.00110767610829,0.00104320690028,0.000979083945781,0.000916034195374,0.000854639395111,0.000795348869252,0.000738494902813,0.000684308979717,0.00136260084282,0.00137621594049,0.00138080470523,0.00137621594049,0.00136260084282,0.00134040026604,0.00131030860751,0.00127322003069,0.00123016487893,0.0011822444494,0.00113057103464,0.00107621794714,0.00102018183674,0.000963357539553,0.000906524240917,0.000850340930982,0.000795348869252,0.000741978881659,0.000690561626955,0.000641339361053,0.00123398061514,0.00124554372929,0.00124943723616,0.00124554372929,0.00123398061514,0.00121509120383,0.00118941929172,0.00115767085041,0.00112066789961,0.00107930002881,0.00103447843482,0.000987096084444,0.000937996101267,0.000887949061591,0.000837638785155,0.000787655498134,0.000738494902813,0.000690561626955,0.000644175648561,0.000599580511675,0.00111739740717,0.00112725460612,0.00113057103464,0.00112725460612,0.00111739740717,0.00110126935734,0.00107930002881,0.00105205096417,0.00102018183674,0.000984414157042,0.0009454959651,0.000904170226831,0.000861148706027,0.000817092129455,0.000772596658462,0.000728186103655,0.000684308979717,0.000641339361053,0.000599580511675,0.000559270368872,0.0010117508722,0.00102018183674,0.00102301644776,0.00102018183674,0.0010117508722,0.000997937578882,0.000979083945781,0.0009556396664,0.000928137052356,0.000897163662226,0.00086333508919,0.000827269938905,0.000789568434998,0.000750795450095,0.000711468183228,0.000672048254979,0.00063293769223,0.000594478116026,0.000556952401337,0.00052058811291,0.000916034195374,0.000923266794769,0.000925697033069,0.000923266794769,0.000916034195374,0.000904170226831,0.000887949061591,0.000867733052374,0.000843953953492,0.000817092129455,0.000787655498134,0.000756159722055,0.000723110788484,0.000688990691306,0.000654246518474,0.000619282907849,0.000584457585867,0.000550079550372,0.000516409389167,0.000483661220317}},
{{0.00458361700594,0.00506564322243,0.00557044437309,0.00557044437309,0.00557044437309,0.00506564322243,0.00458361700594,0.00414746164879,0.00375281196157,0.00339571815755,0.00307260632192,0.00278024264284,0.00251570104633,0.00227633391118,0.00205974557065,0.00186376833583,0.00168644080068,0.00152598821163,0.00138080470523,0.00124943723616,0.00450984107777,0.00494746826487,0.00537122400471,0.00557044437309,0.00537122400471,0.00494746826487,0.00450984107777,0.00409672135432,0.00371583863903,0.00336773321088,0.00305084988152,0.00276298943102,0.00250180825763,0.00226501057011,0.002050425106,0.0018560336302,0.00167997782599,0.00152055613568,0.00137621594049,0.00124554372929,0.00431431295156,0.00466293187436,0.00494746826487,0.00506564322243,0.00494746826487,0.00466293187436,0.00431431295156,0.00395621199591,0.0036110284287,0.00328728881754,0.00298774352672,0.00271263431282,0.00246107973064,0.00223170396374,0.00202293936424,0.00183317799309,0.00166084887755,0.00150445686346,0.00136260084282,0.00123398061514,0.00404804686982,0.00431431295156,0.00450984107777,0.00458361700594,0.00450984107777,0.00431431295156,0.00404804686982,0.00375281196157,0.00345360408035,0.00316357425241,0.00288913204385,0.00263305535506,0.00239617852666,0.00217829512864,0.00197864850994,0.00179620451805,0.00162980620588,0.00147826269679,0.00134040026604,0.00121509120383,0.00375281196157,0.00395621199591,0.00409672135432,0.00414746164879,0.00409672135432,0.00395621199591,0.00375281196157,0.00351425078115,0.00326156489618,0.00300843001624,0.00276298943102,0.00252975773887,0.00231099488307,0.00210759108005,0.00191961557114,0.00174665410439,0.00158801713268,0.00144286902693,0.00131030860751,0.00118941929172,0.00345360408035,0.0036110284287,0.00371583863903,0.00375281196157,0.00371583863903,0.0036110284287,0.00345360408035,0.00326156489618,0.00305084988152,0.00283349479582,0.00261774571439,0.00240887443467,0.00221003386126,0.00202293936424,0.00184835749024,0.00168644080068,0.00153695276997,0.00139941764933,0.00127322003069,0.00115767085041,0.00316357425241,0.00328728881754,0.00336773321088,0.00339571815755,0.00336773321088,0.00328728881754,0.00316357425241,0.00300843001624,0.00283349479582,0.00264856069593,0.00246107973064,0.00227633391118,0.00209785203489,0.00192784687672,0.00176758514088,0.00161767244648,0.00147826269679,0.00134920805552,0.00123016487893,0.00112066789961,0.00288913204385,0.00298774352672,0.00305084988152,0.00307260632192,0.00305084988152,0.00298774352672,0.00288913204385,0.00276298943102,0.00261774571439,0.00246107973064,0.00229932402209,0.00213733918524,0.00197864850994,0.00182567321199,0.00167997782599,0.00154248591124,0.00141365453789,0.00129360906825,0.0011822444494,0.00107930002881,0.00263305535506,0.00271263431282,0.00276298943102,0.00278024264284,0.00276298943102,0.00271263431282,0.00263305535506,0.00252975773887,0.00240887443467,0.00227633391118,0.00213733918524,0.00199614347754,0.0018560336302,0.00171942756337,0.00158801713268,0.00146291590266,0.00134479222284,0.00123398061514,0.00113057103464,0.00103447843482,0.00239617852666,0.00246107973064,0.00250180825763,0.00251570104633,0.00250180825763,0.00246107973064,0.00239617852666,0.00231099488307,0.00221003386126,0.00209785203489,0.00197864850994,0.0018560336302,0.00173294533863,0.00161166458268,0.00149388501901,0.00138080470523,0.00127322003069,0.00117161161118,0.00107621794714,0.000987096084444,0.00217829512864,0.00223170396374,0.00226501057011,0.00227633391118,0.00226501057011,0.00223170396374,0.00217829512864,0.00210759108005,0.00202293936424,0.00192784687672,0.00182567321199,0.00171942756337,0.00161166458268,0.00150445686346,0.00139941764933,0.00129775107016,0.00120031355277,0.00110767610829,0.00102018183674,0.000937996101267,0.00197864850994,0.00202293936424,0.002050425106,0.00205974557065,0.002050425106,0.00202293936424,0.00197864850994,0.00191961557114,0.00184835749024,0.00176758514088,0.00167997782599,0.00158801713268,0.00149388501901,0.00139941764933,0.00130610066116,0.00121509120383,0.00112725460612,0.00104320690028,0.000963357539553,0.000887949061591,0.00179620451805,0.00183317799309,0.0018560336302,0.00186376833583,0.0018560336302,0.00183317799309,0.00179620451805,0.00174665410439,0.00168644080068,0.00161767244648,0.00154248591124,0.00146291590266,0.00138080470523,0.00129775107016,0.00121509120383,0.0011339029914,0.00105502506902,0.000979083945781,0.000906524240917,0.000837638785155,0.00162980620588,0.00166084887755,0.00167997782599,0.00168644080068,0.00167997782599,0.00166084887755,0.00162980620588,0.00158801713268,0.00153695276997,0.00147826269679,0.00141365453789,0.00134479222284,0.00127322003069,0.00120031355277,0.00112725460612,0.00105502506902,0.000984414157042,0.000916034195374,0.000850340930982,0.000787655498134,0.00147826269679,0.00150445686346,0.00152055613568,0.00152598821163,0.00152055613568,0.00150445686346,0.00147826269679,0.00144286902693,0.00139941764933,0.00134920805552,0.00129360906825,0.00123398061514,0.00117161161118,0.00110767610829,0.00104320690028,0.000979083945781,0.000916034195374,0.000854639395111,0.000795348869252,0.000738494902813,0.00134040026604,0.00136260084282,0.00137621594049,0.00138080470523,0.00137621594049,0.00136260084282,0.00134040026604,0.00131030860751,0.00127322003069,0.00123016487893,0.0011822444494,0.00113057103464,0.00107621794714,0.00102018183674,0.000963357539553,0.000906524240917,0.000850340930982,0.000795348869252,0.000741978881659,0.000690561626955,0.00121509120383,0.00123398061514,0.00124554372929,0.00124943723616,0.00124554372929,0.00123398061514,0.00121509120383,0.00118941929172,0.00115767085041,0.00112066789961,0.00107930002881,0.00103447843482,0.000987096084444,0.000937996101267,0.000887949061591,0.000837638785155,0.000787655498134,0.000738494902813,0.000690561626955,0.000644175648561,0.00110126935734,0.00111739740717,0.00112725460612,0.00113057103464,0.00112725460612,0.00111739740717,0.00110126935734,0.00107930002881,0.00105205096417,0.00102018183674,0.000984414157042,0.0009454959651,0.000904170226831,0.000861148706027,0.000817092129455,0.000772596658462,0.000728186103655,0.000684308979717,0.000641339361053,0.000599580511675,0.000997937578882,0.0010117508722,0.00102018183674,0.00102301644776,0.00102018183674,0.0010117508722,0.000997937578882,0.000979083945781,0.0009556396664,0.000928137052356,0.000897163662226,0.00086333508919,0.000827269938905,0.000789568434998,0.000750795450095,0.000711468183228,0.000672048254979,0.00063293769223,0.000594478116026,0.000556952401337,0.000904170226831,0.000916034195374,0.000923266794769,0.000925697033069,0.000923266794769,0.000916034195374,0.000904170226831,0.000887949061591,0.000867733052374,0.000843953953492,0.000817092129455,0.000787655498134,0.000756159722055,0.000723110788484,0.000688990691306,0.000654246518474,0.000619282907849,0.000584457585867,0.000550079550372,0.000516409389167}},
{{0.00414746164879,0.00458361700594,0.00506564322243,0.00557044437309,0.00557044437309,0.00557044437309,0.00506564322243,0.00458361700594,0.00414746164879,0.00375281196157,0.00339571815755,0.00307260632192,0.00278024264284,0.00251570104633,0.00227633391118,0.00205974557065,0.00186376833583,0.00168644080068,0.00152598821163,0.00138080470523,0.00409672135432,0.00450984107777,0.00494746826487,0.00537122400471,0.00557044437309,0.00537122400471,0.00494746826487,0.00450984107777,0.00409672135432,0.00371583863903,0.00336773321088,0.00305084988152,0.00276298943102,0.00250180825763,0.00226501057011,0.002050425106,0.0018560336302,0.00167997782599,0.00152055613568,0.00137621594049,0.00395621199591,0.00431431295156,0.00466293187436,0.00494746826487,0.00506564322243,0.00494746826487,0.00466293187436,0.00431431295156,0.00395621199591,0.0036110284287,0.00328728881754,0.00298774352672,0.00271263431282,0.00246107973064,0.00223170396374,0.00202293936424,0.00183317799309,0.00166084887755,0.00150445686346,0.00136260084282,0.00375281196157,0.00404804686982,0.00431431295156,0.00450984107777,0.00458361700594,0.00450984107777,0.00431431295156,0.00404804686982,0.00375281196157,0.00345360408035,0.00316357425241,0.00288913204385,0.00263305535506,0.00239617852666,0.00217829512864,0.00197864850994,0.00179620451805,0.00162980620588,0.00147826269679,0.00134040026604,0.00351425078115,0.00375281196157,0.00395621199591,0.00409672135432,0.00414746164879,0.00409672135432,0.00395621199591,0.00375281196157,0.00351425078115,0.00326156489618,0.00300843001624,0.00276298943102,0.00252975773887,0.00231099488307,0.00210759108005,0.00191961557114,0.00174665410439,0.00158801713268,0.00144286902693,0.00131030860751,0.00326156489618,0.00345360408035,0.0036110284287,0.00371583863903,0.00375281196157,0.00371583863903,0.0036110284287,0.00345360408035,0.00326156489618,0.00305084988152,0.00283349479582,0.00261774571439,0.00240887443467,0.00221003386126,0.00202293936424,0.00184835749024,0.00168644080068,0.00153695276997,0.00139941764933,0.00127322003069,0.00300843001624,0.00316357425241,0.00328728881754,0.00336773321088,0.00339571815755,0.00336773321088,0.00328728881754,0.00316357425241,0.00300843001624,0.00283349479582,0.00264856069593,0.00246107973064,0.00227633391118,0.00209785203489,0.00192784687672,0.00176758514088,0.00161767244648,0.00147826269679,0.00134920805552,0.00123016487893,0.00276298943102,0.00288913204385,0.00298774352672,0.00305084988152,0.00307260632192,0.00305084988152,0.00298774352672,0.00288913204385,0.00276298943102,0.00261774571439,0.00246107973064,0.00229932402209,0.00213733918524,0.00197864850994,0.00182567321199,0.00167997782599,0.00154248591124,0.00141365453789,0.00129360906825,0.0011822444494,0.00252975773887,0.00263305535506,0.00271263431282,0.00276298943102,0.00278024264284,0.00276298943102,0.00271263431282,0.00263305535506,0.00252975773887,0.00240887443467,0.00227633391118,0.00213733918524,0.00199614347754,0.0018560336302,0.00171942756337,0.00158801713268,0.00146291590266,0.00134479222284,0.00123398061514,0.00113057103464,0.00231099488307,0.00239617852666,0.00246107973064,0.00250180825763,0.00251570104633,0.00250180825763,0.00246107973064,0.00239617852666,0.00231099488307,0.00221003386126,0.00209785203489,0.00197864850994,0.0018560336302,0.00173294533863,0.00161166458268,0.00149388501901,0.00138080470523,0.00127322003069,0.00117161161118,0.00107621794714,0.00210759108005,0.00217829512864,0.00223170396374,0.00226501057011,0.00227633391118,0.00226501057011,0.00223170396374,0.00217829512864,0.00210759108005,0.00202293936424,0.00192784687672,0.00182567321199,0.00171942756337,0.00161166458268,0.00150445686346,0.00139941764933,0.00129775107016,0.00120031355277,0.00110767610829,0.00102018183674,0.00191961557114,0.00197864850994,0.00202293936424,0.002050425106,0.00205974557065,0.002050425106,0.00202293936424,0.00197864850994,0.00191961557114,0.00184835749024,0.00176758514088,0.00167997782599,0.00158801713268,0.00149388501901,0.00139941764933,0.00130610066116,0.00121509120383,0.00112725460612,0.00104320690028,0.000963357539553,0.00174665410439,0.00179620451805,0.00183317799309,0.0018560336302,0.00186376833583,0.0018560336302,0.00183317799309,0.00179620451805,0.00174665410439,0.00168644080068,0.00161767244648,0.00154248591124,0.00146291590266,0.00138080470523,0.00129775107016,0.00121509120383,0.0011339029914,0.00105502506902,0.000979083945781,0.000906524240917,0.00158801713268,0.00162980620588,0.00166084887755,0.00167997782599,0.00168644080068,0.00167997782599,0.00166084887755,0.00162980620588,0.00158801713268,0.00153695276997,0.00147826269679,0.00141365453789,0.00134479222284,0.00127322003069,0.00120031355277,0.00112725460612,0.00105502506902,0.000984414157042,0.000916034195374,0.000850340930982,0.00144286902693,0.00147826269679,0.00150445686346,0.00152055613568,0.00152598821163,0.00152055613568,0.00150445686346,0.00147826269679,0.00144286902693,0.00139941764933,0.00134920805552,0.00129360906825,0.00123398061514,0.00117161161118,0.00110767610829,0.00104320690028,0.000979083945781,0.000916034195374,0.000854639395111,0.000795348869252,0.00131030860751,0.00134040026604,0.00136260084282,0.00137621594049,0.00138080470523,0.00137621594049,0.00136260084282,0.00134040026604,0.00131030860751,0.00127322003069,0.00123016487893,0.0011822444494,0.00113057103464,0.00107621794714,0.00102018183674,0.000963357539553,0.000906524240917,0.000850340930982,0.000795348869252,0.000741978881659,0.00118941929172,0.00121509120383,0.00123398061514,0.00124554372929,0.00124943723616,0.00124554372929,0.00123398061514,0.00121509120383,0.00118941929172,0.00115767085041,0.00112066789961,0.00107930002881,0.00103447843482,0.000987096084444,0.000937996101267,0.000887949061591,0.000837638785155,0.000787655498134,0.000738494902813,0.000690561626955,0.00107930002881,0.00110126935734,0.00111739740717,0.00112725460612,0.00113057103464,0.00112725460612,0.00111739740717,0.00110126935734,0.00107930002881,0.00105205096417,0.00102018183674,0.000984414157042,0.0009454959651,0.000904170226831,0.000861148706027,0.000817092129455,0.000772596658462,0.000728186103655,0.000684308979717,0.000641339361053,0.000979083945781,0.000997937578882,0.0010117508722,0.00102018183674,0.00102301644776,0.00102018183674,0.0010117508722,0.000997937578882,0.000979083945781,0.0009556396664,0.000928137052356,0.000897163662226,0.00086333508919,0.000827269938905,0.000789568434998,0.000750795450095,0.000711468183228,0.000672048254979,0.00063293769223,0.000594478116026,0.000887949061591,0.000904170226831,0.000916034195374,0.000923266794769,0.000925697033069,0.000923266794769,0.000916034195374,0.000904170226831,0.000887949061591,0.000867733052374,0.000843953953492,0.000817092129455,0.000787655498134,0.000756159722055,0.000723110788484,0.000688990691306,0.000654246518474,0.000619282907849,0.000584457585867,0.000550079550372}},
