static std::array<std::array<float, nptch>, nptch> sbetaMatrix = {{
{{0.00471346402926,0.00471346402926,0.00471341689487,0.00471195596209,0.00470202421669,0.00466544443753,0.00456844598668,0.00436083302722,0.00398426598342,0.00339649188492,0.00261152175782,0.00173398651307,0.000941682698178,0.000391450229401,0.000115036374619,2.17570616713e-05,2.37364887147e-06,1.31653524636e-07,3.21350955225e-09,2.93123502469e-11,0.00471346402926,0.00471346345455,0.00471332802715,0.00471123664644,0.00469948012218,0.00465923525721,0.00455624911197,0.00434031754572,0.00395406799963,0.0033576525243,0.0025686720434,0.00169475111313,0.000913230139214,0.000376073494038,0.000109292874024,2.0402914498e-05,2.19256980088e-06,1.19525059306e-07,2.86071763515e-09,2.55228527033e-11,0.00471341689487,0.00471332802715,0.00471250090107,0.00470780714131,0.00468973781482,0.0046376493311,0.00451599602565,0.00427479533206,0.003859901809,0.00323893284995,0.00244011139362,0.00157923685531,0.00083113623542,0.000332682778643,9.34834402173e-05,1.67781686455e-05,1.72283686969e-06,8.91500440722e-08,2.01116420479e-09,1.67862761382e-11,0.00471195596209,0.00471123664644,0.00470780714131,0.0046965963208,0.00466544443753,0.00459105806362,0.00443629532937,0.00415239892084,0.00369165443258,0.00303479473773,0.00222698561258,0.00139478982244,0.000705238453556,0.000269041820419,7.14246362029e-05,1.19965004971e-05,1.14103292753e-06,5.40930398567e-08,1.10491636082e-09,8.24648605952e-12,0.00470202421669,0.00469948012218,0.00468973781482,0.00466544443753,0.00461135682843,0.00450133318568,0.00429729862711,0.00395406799963,0.00343493605329,0.00273978022207,0.00193499202978,0.00115579492083,0.000551696363927,0.000196473550625,4.80979007068e-05,7.35098012836e-06,6.2714092801e-07,2.62598991991e-08,4.66035203164e-10,2.96956809835e-12,0.00466544443753,0.00465923525721,0.0046376493311,0.00459105806362,0.00450133318568,0.00434031754572,0.00407117100567,0.00365641239061,0.00307616386951,0.00235459240665,0.00157923685531,0.000885320455553,0.000391450229401,0.0001272804622,2.80031868495e-05,3.78102604933e-06,2.79761685354e-07,9.96015392397e-09,1.47145877492e-10,7.63133394961e-13,0.00456844598668,0.00455624911197,0.00451599602565,0.00443629532937,0.00429729862711,0.00407117100567,0.00372638212766,0.00323893284995,0.00261152175782,0.00189419827597,0.00118846479823,0.000614298273366,0.000246436922726,7.14246362029e-05,1.37388487759e-05,1.58817863247e-06,9.83567064803e-08,2.86071763515e-09,3.36437463212e-11,1.35127705768e-13,0.00436083302722,0.00434031754572,0.00427479533206,0.00415239892084,0.00395406799963,0.00365641239061,0.00323893284995,0.00269709584608,0.00205889128469,0.00139478982244,0.000804863711562,0.000376073494038,0.000133796919807,3.36745542158e-05,5.49737921873e-06,5.2609197344e-07,2.62598991991e-08,5.98167258096e-10,5.34321526046e-12,1.57777276345e-14,0.00398426598342,0.00395406799963,0.003859901809,0.00369165443258,0.00343493605329,0.00307616386951,0.00261152175782,0.00205889128469,0.00146728528083,0.000913230139214,0.000475495302171,0.000196473550625,6.04527814096e-05,1.28412147522e-05,1.72283686969e-06,1.31653524636e-07,5.08729857198e-09,8.67800868994e-11,5.60298113073e-13,1.15167316734e-15,0.00339649188492,0.0033576525243,0.00323893284995,0.00303479473773,0.00273978022207,0.00235459240665,0.00189419827597,0.00139478982244,0.000913230139214,0.000512573328154,0.000235712614748,8.40526822792e-05,2.17570616713e-05,3.78102604933e-06,4.02619090009e-07,2.36314223718e-08,6.77076498275e-10,8.24648605952e-12,3.65162259029e-14,4.93223646254e-17,0.00261152175782,0.0025686720434,0.00244011139362,0.00222698561258,0.00193499202978,0.00157923685531,0.00118846479823,0.000804863711562,0.000475495302171,0.000235712614748,9.34834402173e-05,2.80031868495e-05,5.91591795325e-06,8.130514367e-07,6.61681452849e-08,2.86071763515e-09,5.8029727804e-11,4.79634246063e-13,1.37769406318e-15,1.15059955153e-18,0.00173398651307,0.00169475111313,0.00157923685531,0.00139478982244,0.00115579492083,0.000885320455553,0.000614298273366,0.000376073494038,0.000196473550625,8.40526822792e-05,2.80031868495e-05,6.84094974955e-06,1.14103292753e-06,1.19525059306e-07,7.13664794216e-09,2.17262966867e-10,2.96956809835e-12,1.57777276345e-14,2.77089842769e-17,1.34165814475e-20,0.000941682698178,0.000913230139214,0.00083113623542,0.000705238453556,0.000551696363927,0.000391450229401,0.000246436922726,0.000133796919807,6.04527814096e-05,2.17570616713e-05,5.91591795325e-06,1.14103292753e-06,1.44934129077e-07,1.1118052149e-08,4.66035203164e-10,9.51803706445e-12,8.31340376211e-14,2.67995661857e-16,2.70239487697e-19,7.08637591347e-23,0.000391450229401,0.000376073494038,0.000332682778643,0.000269041820419,0.000196473550625,0.0001272804622,7.14246362029e-05,3.36745542158e-05,1.28412147522e-05,3.78102604933e-06,8.130514367e-07,1.19525059306e-07,1.1118052149e-08,5.98167258096e-10,1.67862761382e-11,2.18356246776e-13,1.15167316734e-15,2.11810173039e-18,1.14720797106e-21,1.51583439642e-25,0.000115036374619,0.000109292874024,9.34834402173e-05,7.14246362029e-05,4.80979007068e-05,2.80031868495e-05,1.37388487759e-05,5.49737921873e-06,1.72283686969e-06,4.02619090009e-07,6.61681452849e-08,7.13664794216e-09,4.66035203164e-10,1.67862761382e-11,2.99712614846e-13,2.34889696639e-15,7.0424427869e-18,6.92113167111e-21,1.87594108665e-24,1.15727719315e-28,2.17570616713e-05,2.0402914498e-05,1.67781686455e-05,1.19965004971e-05,7.35098012836e-06,3.78102604933e-06,1.58817863247e-06,5.2609197344e-07,1.31653524636e-07,2.36314223718e-08,2.86071763515e-09,2.17262966867e-10,9.51803706445e-12,2.18356246776e-13,2.34889696639e-15,1.04522547789e-17,1.67044336146e-20,8.18326997976e-24,1.02983005774e-27,2.73645885909e-32,2.37364887147e-06,2.19256980088e-06,1.72283686969e-06,1.14103292753e-06,6.2714092801e-07,2.79761685354e-07,9.83567064803e-08,2.62598991991e-08,5.08729857198e-09,6.77076498275e-10,5.8029727804e-11,2.96956809835e-12,8.31340376211e-14,1.15167316734e-15,7.0424427869e-18,1.67044336146e-20,1.32904923271e-23,3.01487485905e-27,1.62732611485e-31,1.71063918313e-36,1.31653524636e-07,1.19525059306e-07,8.91500440722e-08,5.40930398567e-08,2.62598991991e-08,9.96015392397e-09,2.86071763515e-09,5.98167258096e-10,8.67800868994e-11,8.24648605952e-12,4.79634246063e-13,1.57777276345e-14,2.67995661857e-16,2.11810173039e-18,6.92113167111e-21,8.18326997976e-24,3.01487485905e-27,2.92930834402e-31,6.23702342e-36,2.37126439463e-41,3.21350955225e-09,2.86071763515e-09,2.01116420479e-09,1.10491636082e-09,4.66035203164e-10,1.47145877492e-10,3.36437463212e-11,5.34321526046e-12,5.60298113073e-13,3.65162259029e-14,1.37769406318e-15,2.77089842769e-17,2.70239487697e-19,1.14720797106e-21,1.87594108665e-24,1.02983005774e-27,1.62732611485e-31,6.23702342e-36,4.79583310499e-41,6.00064535718e-47,2.93123502469e-11,2.55228527033e-11,1.67862761382e-11,8.24648605952e-12,2.96956809835e-12,7.63133394961e-13,1.35127705768e-13,1.57777276345e-14,1.15167316734e-15,4.93223646254e-17,1.15059955153e-18,1.34165814475e-20,7.08637591347e-23,1.51583439642e-25,1.15727719315e-28,2.73645885909e-32,1.71063918313e-36,2.37126439463e-41,6.00064535718e-47,2.23762397894e-53}},
{{0.00471346402926,0.00471346402926,0.00471346402926,0.00471341689487,0.00471195596209,0.00470202421669,0.00466544443753,0.00456844598668,0.00436083302722,0.00398426598342,0.00339649188492,0.00261152175782,0.00173398651307,0.000941682698178,0.000391450229401,0.000115036374619,2.17570616713e-05,2.37364887147e-06,1.31653524636e-07,3.21350955225e-09,0.00471346345455,0.00471346402926,0.00471346345455,0.00471332802715,0.00471123664644,0.00469948012218,0.00465923525721,0.00455624911197,0.00434031754572,0.00395406799963,0.0033576525243,0.0025686720434,0.00169475111313,0.000913230139214,0.000376073494038,0.000109292874024,2.0402914498e-05,2.19256980088e-06,1.19525059306e-07,2.86071763515e-09,0.00471332802715,0.00471341689487,0.00471332802715,0.00471250090107,0.00470780714131,0.00468973781482,0.0046376493311,0.00451599602565,0.00427479533206,0.003859901809,0.00323893284995,0.00244011139362,0.00157923685531,0.00083113623542,0.000332682778643,9.34834402173e-05,1.67781686455e-05,1.72283686969e-06,8.91500440722e-08,2.01116420479e-09,0.00471123664644,0.00471195596209,0.00471123664644,0.00470780714131,0.0046965963208,0.00466544443753,0.00459105806362,0.00443629532937,0.00415239892084,0.00369165443258,0.00303479473773,0.00222698561258,0.00139478982244,0.000705238453556,0.000269041820419,7.14246362029e-05,1.19965004971e-05,1.14103292753e-06,5.40930398567e-08,1.10491636082e-09,0.00469948012218,0.00470202421669,0.00469948012218,0.00468973781482,0.00466544443753,0.00461135682843,0.00450133318568,0.00429729862711,0.00395406799963,0.00343493605329,0.00273978022207,0.00193499202978,0.00115579492083,0.000551696363927,0.000196473550625,4.80979007068e-05,7.35098012836e-06,6.2714092801e-07,2.62598991991e-08,4.66035203164e-10,0.00465923525721,0.00466544443753,0.00465923525721,0.0046376493311,0.00459105806362,0.00450133318568,0.00434031754572,0.00407117100567,0.00365641239061,0.00307616386951,0.00235459240665,0.00157923685531,0.000885320455553,0.000391450229401,0.0001272804622,2.80031868495e-05,3.78102604933e-06,2.79761685354e-07,9.96015392397e-09,1.47145877492e-10,0.00455624911197,0.00456844598668,0.00455624911197,0.00451599602565,0.00443629532937,0.00429729862711,0.00407117100567,0.00372638212766,0.00323893284995,0.00261152175782,0.00189419827597,0.00118846479823,0.000614298273366,0.000246436922726,7.14246362029e-05,1.37388487759e-05,1.58817863247e-06,9.83567064803e-08,2.86071763515e-09,3.36437463212e-11,0.00434031754572,0.00436083302722,0.00434031754572,0.00427479533206,0.00415239892084,0.00395406799963,0.00365641239061,0.00323893284995,0.00269709584608,0.00205889128469,0.00139478982244,0.000804863711562,0.000376073494038,0.000133796919807,3.36745542158e-05,5.49737921873e-06,5.2609197344e-07,2.62598991991e-08,5.98167258096e-10,5.34321526046e-12,0.00395406799963,0.00398426598342,0.00395406799963,0.003859901809,0.00369165443258,0.00343493605329,0.00307616386951,0.00261152175782,0.00205889128469,0.00146728528083,0.000913230139214,0.000475495302171,0.000196473550625,6.04527814096e-05,1.28412147522e-05,1.72283686969e-06,1.31653524636e-07,5.08729857198e-09,8.67800868994e-11,5.60298113073e-13,0.0033576525243,0.00339649188492,0.0033576525243,0.00323893284995,0.00303479473773,0.00273978022207,0.00235459240665,0.00189419827597,0.00139478982244,0.000913230139214,0.000512573328154,0.000235712614748,8.40526822792e-05,2.17570616713e-05,3.78102604933e-06,4.02619090009e-07,2.36314223718e-08,6.77076498275e-10,8.24648605952e-12,3.65162259029e-14,0.0025686720434,0.00261152175782,0.0025686720434,0.00244011139362,0.00222698561258,0.00193499202978,0.00157923685531,0.00118846479823,0.000804863711562,0.000475495302171,0.000235712614748,9.34834402173e-05,2.80031868495e-05,5.91591795325e-06,8.130514367e-07,6.61681452849e-08,2.86071763515e-09,5.8029727804e-11,4.79634246063e-13,1.37769406318e-15,0.00169475111313,0.00173398651307,0.00169475111313,0.00157923685531,0.00139478982244,0.00115579492083,0.000885320455553,0.000614298273366,0.000376073494038,0.000196473550625,8.40526822792e-05,2.80031868495e-05,6.84094974955e-06,1.14103292753e-06,1.19525059306e-07,7.13664794216e-09,2.17262966867e-10,2.96956809835e-12,1.57777276345e-14,2.77089842769e-17,0.000913230139214,0.000941682698178,0.000913230139214,0.00083113623542,0.000705238453556,0.000551696363927,0.000391450229401,0.000246436922726,0.000133796919807,6.04527814096e-05,2.17570616713e-05,5.91591795325e-06,1.14103292753e-06,1.44934129077e-07,1.1118052149e-08,4.66035203164e-10,9.51803706445e-12,8.31340376211e-14,2.67995661857e-16,2.70239487697e-19,0.000376073494038,0.000391450229401,0.000376073494038,0.000332682778643,0.000269041820419,0.000196473550625,0.0001272804622,7.14246362029e-05,3.36745542158e-05,1.28412147522e-05,3.78102604933e-06,8.130514367e-07,1.19525059306e-07,1.1118052149e-08,5.98167258096e-10,1.67862761382e-11,2.18356246776e-13,1.15167316734e-15,2.11810173039e-18,1.14720797106e-21,0.000109292874024,0.000115036374619,0.000109292874024,9.34834402173e-05,7.14246362029e-05,4.80979007068e-05,2.80031868495e-05,1.37388487759e-05,5.49737921873e-06,1.72283686969e-06,4.02619090009e-07,6.61681452849e-08,7.13664794216e-09,4.66035203164e-10,1.67862761382e-11,2.99712614846e-13,2.34889696639e-15,7.0424427869e-18,6.92113167111e-21,1.87594108665e-24,2.0402914498e-05,2.17570616713e-05,2.0402914498e-05,1.67781686455e-05,1.19965004971e-05,7.35098012836e-06,3.78102604933e-06,1.58817863247e-06,5.2609197344e-07,1.31653524636e-07,2.36314223718e-08,2.86071763515e-09,2.17262966867e-10,9.51803706445e-12,2.18356246776e-13,2.34889696639e-15,1.04522547789e-17,1.67044336146e-20,8.18326997976e-24,1.02983005774e-27,2.19256980088e-06,2.37364887147e-06,2.19256980088e-06,1.72283686969e-06,1.14103292753e-06,6.2714092801e-07,2.79761685354e-07,9.83567064803e-08,2.62598991991e-08,5.08729857198e-09,6.77076498275e-10,5.8029727804e-11,2.96956809835e-12,8.31340376211e-14,1.15167316734e-15,7.0424427869e-18,1.67044336146e-20,1.32904923271e-23,3.01487485905e-27,1.62732611485e-31,1.19525059306e-07,1.31653524636e-07,1.19525059306e-07,8.91500440722e-08,5.40930398567e-08,2.62598991991e-08,9.96015392397e-09,2.86071763515e-09,5.98167258096e-10,8.67800868994e-11,8.24648605952e-12,4.79634246063e-13,1.57777276345e-14,2.67995661857e-16,2.11810173039e-18,6.92113167111e-21,8.18326997976e-24,3.01487485905e-27,2.92930834402e-31,6.23702342e-36,2.86071763515e-09,3.21350955225e-09,2.86071763515e-09,2.01116420479e-09,1.10491636082e-09,4.66035203164e-10,1.47145877492e-10,3.36437463212e-11,5.34321526046e-12,5.60298113073e-13,3.65162259029e-14,1.37769406318e-15,2.77089842769e-17,2.70239487697e-19,1.14720797106e-21,1.87594108665e-24,1.02983005774e-27,1.62732611485e-31,6.23702342e-36,4.79583310499e-41,2.55228527033e-11,2.93123502469e-11,2.55228527033e-11,1.67862761382e-11,8.24648605952e-12,2.96956809835e-12,7.63133394961e-13,1.35127705768e-13,1.57777276345e-14,1.15167316734e-15,4.93223646254e-17,1.15059955153e-18,1.34165814475e-20,7.08637591347e-23,1.51583439642e-25,1.15727719315e-28,2.73645885909e-32,1.71063918313e-36,2.37126439463e-41,6.00064535718e-47}},
{{0.00471341689487,0.00471346402926,0.00471346402926,0.00471346402926,0.00471341689487,0.00471195596209,0.00470202421669,0.00466544443753,0.00456844598668,0.00436083302722,0.00398426598342,0.00339649188492,0.00261152175782,0.00173398651307,0.000941682698178,0.000391450229401,0.000115036374619,2.17570616713e-05,2.37364887147e-06,1.31653524636e-07,0.00471332802715,0.00471346345455,0.00471346402926,0.00471346345455,0.00471332802715,0.00471123664644,0.00469948012218,0.00465923525721,0.00455624911197,0.00434031754572,0.00395406799963,0.0033576525243,0.0025686720434,0.00169475111313,0.000913230139214,0.000376073494038,0.000109292874024,2.0402914498e-05,2.19256980088e-06,1.19525059306e-07,0.00471250090107,0.00471332802715,0.00471341689487,0.00471332802715,0.00471250090107,0.00470780714131,0.00468973781482,0.0046376493311,0.00451599602565,0.00427479533206,0.003859901809,0.00323893284995,0.00244011139362,0.00157923685531,0.00083113623542,0.000332682778643,9.34834402173e-05,1.67781686455e-05,1.72283686969e-06,8.91500440722e-08,0.00470780714131,0.00471123664644,0.00471195596209,0.00471123664644,0.00470780714131,0.0046965963208,0.00466544443753,0.00459105806362,0.00443629532937,0.00415239892084,0.00369165443258,0.00303479473773,0.00222698561258,0.00139478982244,0.000705238453556,0.000269041820419,7.14246362029e-05,1.19965004971e-05,1.14103292753e-06,5.40930398567e-08,0.00468973781482,0.00469948012218,0.00470202421669,0.00469948012218,0.00468973781482,0.00466544443753,0.00461135682843,0.00450133318568,0.00429729862711,0.00395406799963,0.00343493605329,0.00273978022207,0.00193499202978,0.00115579492083,0.000551696363927,0.000196473550625,4.80979007068e-05,7.35098012836e-06,6.2714092801e-07,2.62598991991e-08,0.0046376493311,0.00465923525721,0.00466544443753,0.00465923525721,0.0046376493311,0.00459105806362,0.00450133318568,0.00434031754572,0.00407117100567,0.00365641239061,0.00307616386951,0.00235459240665,0.00157923685531,0.000885320455553,0.000391450229401,0.0001272804622,2.80031868495e-05,3.78102604933e-06,2.79761685354e-07,9.96015392397e-09,0.00451599602565,0.00455624911197,0.00456844598668,0.00455624911197,0.00451599602565,0.00443629532937,0.00429729862711,0.00407117100567,0.00372638212766,0.00323893284995,0.00261152175782,0.00189419827597,0.00118846479823,0.000614298273366,0.000246436922726,7.14246362029e-05,1.37388487759e-05,1.58817863247e-06,9.83567064803e-08,2.86071763515e-09,0.00427479533206,0.00434031754572,0.00436083302722,0.00434031754572,0.00427479533206,0.00415239892084,0.00395406799963,0.00365641239061,0.00323893284995,0.00269709584608,0.00205889128469,0.00139478982244,0.000804863711562,0.000376073494038,0.000133796919807,3.36745542158e-05,5.49737921873e-06,5.2609197344e-07,2.62598991991e-08,5.98167258096e-10,0.003859901809,0.00395406799963,0.00398426598342,0.00395406799963,0.003859901809,0.00369165443258,0.00343493605329,0.00307616386951,0.00261152175782,0.00205889128469,0.00146728528083,0.000913230139214,0.000475495302171,0.000196473550625,6.04527814096e-05,1.28412147522e-05,1.72283686969e-06,1.31653524636e-07,5.08729857198e-09,8.67800868994e-11,0.00323893284995,0.0033576525243,0.00339649188492,0.0033576525243,0.00323893284995,0.00303479473773,0.00273978022207,0.00235459240665,0.00189419827597,0.00139478982244,0.000913230139214,0.000512573328154,0.000235712614748,8.40526822792e-05,2.17570616713e-05,3.78102604933e-06,4.02619090009e-07,2.36314223718e-08,6.77076498275e-10,8.24648605952e-12,0.00244011139362,0.0025686720434,0.00261152175782,0.0025686720434,0.00244011139362,0.00222698561258,0.00193499202978,0.00157923685531,0.00118846479823,0.000804863711562,0.000475495302171,0.000235712614748,9.34834402173e-05,2.80031868495e-05,5.91591795325e-06,8.130514367e-07,6.61681452849e-08,2.86071763515e-09,5.8029727804e-11,4.79634246063e-13,0.00157923685531,0.00169475111313,0.00173398651307,0.00169475111313,0.00157923685531,0.00139478982244,0.00115579492083,0.000885320455553,0.000614298273366,0.000376073494038,0.000196473550625,8.40526822792e-05,2.80031868495e-05,6.84094974955e-06,1.14103292753e-06,1.19525059306e-07,7.13664794216e-09,2.17262966867e-10,2.96956809835e-12,1.57777276345e-14,0.00083113623542,0.000913230139214,0.000941682698178,0.000913230139214,0.00083113623542,0.000705238453556,0.000551696363927,0.000391450229401,0.000246436922726,0.000133796919807,6.04527814096e-05,2.17570616713e-05,5.91591795325e-06,1.14103292753e-06,1.44934129077e-07,1.1118052149e-08,4.66035203164e-10,9.51803706445e-12,8.31340376211e-14,2.67995661857e-16,0.000332682778643,0.000376073494038,0.000391450229401,0.000376073494038,0.000332682778643,0.000269041820419,0.000196473550625,0.0001272804622,7.14246362029e-05,3.36745542158e-05,1.28412147522e-05,3.78102604933e-06,8.130514367e-07,1.19525059306e-07,1.1118052149e-08,5.98167258096e-10,1.67862761382e-11,2.18356246776e-13,1.15167316734e-15,2.11810173039e-18,9.34834402173e-05,0.000109292874024,0.000115036374619,0.000109292874024,9.34834402173e-05,7.14246362029e-05,4.80979007068e-05,2.80031868495e-05,1.37388487759e-05,5.49737921873e-06,1.72283686969e-06,4.02619090009e-07,6.61681452849e-08,7.13664794216e-09,4.66035203164e-10,1.67862761382e-11,2.99712614846e-13,2.34889696639e-15,7.0424427869e-18,6.92113167111e-21,1.67781686455e-05,2.0402914498e-05,2.17570616713e-05,2.0402914498e-05,1.67781686455e-05,1.19965004971e-05,7.35098012836e-06,3.78102604933e-06,1.58817863247e-06,5.2609197344e-07,1.31653524636e-07,2.36314223718e-08,2.86071763515e-09,2.17262966867e-10,9.51803706445e-12,2.18356246776e-13,2.34889696639e-15,1.04522547789e-17,1.67044336146e-20,8.18326997976e-24,1.72283686969e-06,2.19256980088e-06,2.37364887147e-06,2.19256980088e-06,1.72283686969e-06,1.14103292753e-06,6.2714092801e-07,2.79761685354e-07,9.83567064803e-08,2.62598991991e-08,5.08729857198e-09,6.77076498275e-10,5.8029727804e-11,2.96956809835e-12,8.31340376211e-14,1.15167316734e-15,7.0424427869e-18,1.67044336146e-20,1.32904923271e-23,3.01487485905e-27,8.91500440722e-08,1.19525059306e-07,1.31653524636e-07,1.19525059306e-07,8.91500440722e-08,5.40930398567e-08,2.62598991991e-08,9.96015392397e-09,2.86071763515e-09,5.98167258096e-10,8.67800868994e-11,8.24648605952e-12,4.79634246063e-13,1.57777276345e-14,2.67995661857e-16,2.11810173039e-18,6.92113167111e-21,8.18326997976e-24,3.01487485905e-27,2.92930834402e-31,2.01116420479e-09,2.86071763515e-09,3.21350955225e-09,2.86071763515e-09,2.01116420479e-09,1.10491636082e-09,4.66035203164e-10,1.47145877492e-10,3.36437463212e-11,5.34321526046e-12,5.60298113073e-13,3.65162259029e-14,1.37769406318e-15,2.77089842769e-17,2.70239487697e-19,1.14720797106e-21,1.87594108665e-24,1.02983005774e-27,1.62732611485e-31,6.23702342e-36,1.67862761382e-11,2.55228527033e-11,2.93123502469e-11,2.55228527033e-11,1.67862761382e-11,8.24648605952e-12,2.96956809835e-12,7.63133394961e-13,1.35127705768e-13,1.57777276345e-14,1.15167316734e-15,4.93223646254e-17,1.15059955153e-18,1.34165814475e-20,7.08637591347e-23,1.51583439642e-25,1.15727719315e-28,2.73645885909e-32,1.71063918313e-36,2.37126439463e-41}},
{{0.00471195596209,0.00471341689487,0.00471346402926,0.00471346402926,0.00471346402926,0.00471341689487,0.00471195596209,0.00470202421669,0.00466544443753,0.00456844598668,0.00436083302722,0.00398426598342,0.00339649188492,0.00261152175782,0.00173398651307,0.000941682698178,0.000391450229401,0.000115036374619,2.17570616713e-05,2.37364887147e-06,0.00471123664644,0.00471332802715,0.00471346345455,0.00471346402926,0.00471346345455,0.00471332802715,0.00471123664644,0.00469948012218,0.00465923525721,0.00455624911197,0.00434031754572,0.00395406799963,0.0033576525243,0.0025686720434,0.00169475111313,0.000913230139214,0.000376073494038,0.000109292874024,2.0402914498e-05,2.19256980088e-06,0.00470780714131,0.00471250090107,0.00471332802715,0.00471341689487,0.00471332802715,0.00471250090107,0.00470780714131,0.00468973781482,0.0046376493311,0.00451599602565,0.00427479533206,0.003859901809,0.00323893284995,0.00244011139362,0.00157923685531,0.00083113623542,0.000332682778643,9.34834402173e-05,1.67781686455e-05,1.72283686969e-06,0.0046965963208,0.00470780714131,0.00471123664644,0.00471195596209,0.00471123664644,0.00470780714131,0.0046965963208,0.00466544443753,0.00459105806362,0.00443629532937,0.00415239892084,0.00369165443258,0.00303479473773,0.00222698561258,0.00139478982244,0.000705238453556,0.000269041820419,7.14246362029e-05,1.19965004971e-05,1.14103292753e-06,0.00466544443753,0.00468973781482,0.00469948012218,0.00470202421669,0.00469948012218,0.00468973781482,0.00466544443753,0.00461135682843,0.00450133318568,0.00429729862711,0.00395406799963,0.00343493605329,0.00273978022207,0.00193499202978,0.00115579492083,0.000551696363927,0.000196473550625,4.80979007068e-05,7.35098012836e-06,6.2714092801e-07,0.00459105806362,0.0046376493311,0.00465923525721,0.00466544443753,0.00465923525721,0.0046376493311,0.00459105806362,0.00450133318568,0.00434031754572,0.00407117100567,0.00365641239061,0.00307616386951,0.00235459240665,0.00157923685531,0.000885320455553,0.000391450229401,0.0001272804622,2.80031868495e-05,3.78102604933e-06,2.79761685354e-07,0.00443629532937,0.00451599602565,0.00455624911197,0.00456844598668,0.00455624911197,0.00451599602565,0.00443629532937,0.00429729862711,0.00407117100567,0.00372638212766,0.00323893284995,0.00261152175782,0.00189419827597,0.00118846479823,0.000614298273366,0.000246436922726,7.14246362029e-05,1.37388487759e-05,1.58817863247e-06,9.83567064803e-08,0.00415239892084,0.00427479533206,0.00434031754572,0.00436083302722,0.00434031754572,0.00427479533206,0.00415239892084,0.00395406799963,0.00365641239061,0.00323893284995,0.00269709584608,0.00205889128469,0.00139478982244,0.000804863711562,0.000376073494038,0.000133796919807,3.36745542158e-05,5.49737921873e-06,5.2609197344e-07,2.62598991991e-08,0.00369165443258,0.003859901809,0.00395406799963,0.00398426598342,0.00395406799963,0.003859901809,0.00369165443258,0.00343493605329,0.00307616386951,0.00261152175782,0.00205889128469,0.00146728528083,0.000913230139214,0.000475495302171,0.000196473550625,6.04527814096e-05,1.28412147522e-05,1.72283686969e-06,1.31653524636e-07,5.08729857198e-09,0.00303479473773,0.00323893284995,0.0033576525243,0.00339649188492,0.0033576525243,0.00323893284995,0.00303479473773,0.00273978022207,0.00235459240665,0.00189419827597,0.00139478982244,0.000913230139214,0.000512573328154,0.000235712614748,8.40526822792e-05,2.17570616713e-05,3.78102604933e-06,4.02619090009e-07,2.36314223718e-08,6.77076498275e-10,0.00222698561258,0.00244011139362,0.0025686720434,0.00261152175782,0.0025686720434,0.00244011139362,0.00222698561258,0.00193499202978,0.00157923685531,0.00118846479823,0.000804863711562,0.000475495302171,0.000235712614748,9.34834402173e-05,2.80031868495e-05,5.91591795325e-06,8.130514367e-07,6.61681452849e-08,2.86071763515e-09,5.8029727804e-11,0.00139478982244,0.00157923685531,0.00169475111313,0.00173398651307,0.00169475111313,0.00157923685531,0.00139478982244,0.00115579492083,0.000885320455553,0.000614298273366,0.000376073494038,0.000196473550625,8.40526822792e-05,2.80031868495e-05,6.84094974955e-06,1.14103292753e-06,1.19525059306e-07,7.13664794216e-09,2.17262966867e-10,2.96956809835e-12,0.000705238453556,0.00083113623542,0.000913230139214,0.000941682698178,0.000913230139214,0.00083113623542,0.000705238453556,0.000551696363927,0.000391450229401,0.000246436922726,0.000133796919807,6.04527814096e-05,2.17570616713e-05,5.91591795325e-06,1.14103292753e-06,1.44934129077e-07,1.1118052149e-08,4.66035203164e-10,9.51803706445e-12,8.31340376211e-14,0.000269041820419,0.000332682778643,0.000376073494038,0.000391450229401,0.000376073494038,0.000332682778643,0.000269041820419,0.000196473550625,0.0001272804622,7.14246362029e-05,3.36745542158e-05,1.28412147522e-05,3.78102604933e-06,8.130514367e-07,1.19525059306e-07,1.1118052149e-08,5.98167258096e-10,1.67862761382e-11,2.18356246776e-13,1.15167316734e-15,7.14246362029e-05,9.34834402173e-05,0.000109292874024,0.000115036374619,0.000109292874024,9.34834402173e-05,7.14246362029e-05,4.80979007068e-05,2.80031868495e-05,1.37388487759e-05,5.49737921873e-06,1.72283686969e-06,4.02619090009e-07,6.61681452849e-08,7.13664794216e-09,4.66035203164e-10,1.67862761382e-11,2.99712614846e-13,2.34889696639e-15,7.0424427869e-18,1.19965004971e-05,1.67781686455e-05,2.0402914498e-05,2.17570616713e-05,2.0402914498e-05,1.67781686455e-05,1.19965004971e-05,7.35098012836e-06,3.78102604933e-06,1.58817863247e-06,5.2609197344e-07,1.31653524636e-07,2.36314223718e-08,2.86071763515e-09,2.17262966867e-10,9.51803706445e-12,2.18356246776e-13,2.34889696639e-15,1.04522547789e-17,1.67044336146e-20,1.14103292753e-06,1.72283686969e-06,2.19256980088e-06,2.37364887147e-06,2.19256980088e-06,1.72283686969e-06,1.14103292753e-06,6.2714092801e-07,2.79761685354e-07,9.83567064803e-08,2.62598991991e-08,5.08729857198e-09,6.77076498275e-10,5.8029727804e-11,2.96956809835e-12,8.31340376211e-14,1.15167316734e-15,7.0424427869e-18,1.67044336146e-20,1.32904923271e-23,5.40930398567e-08,8.91500440722e-08,1.19525059306e-07,1.31653524636e-07,1.19525059306e-07,8.91500440722e-08,5.40930398567e-08,2.62598991991e-08,9.96015392397e-09,2.86071763515e-09,5.98167258096e-10,8.67800868994e-11,8.24648605952e-12,4.79634246063e-13,1.57777276345e-14,2.67995661857e-16,2.11810173039e-18,6.92113167111e-21,8.18326997976e-24,3.01487485905e-27,1.10491636082e-09,2.01116420479e-09,2.86071763515e-09,3.21350955225e-09,2.86071763515e-09,2.01116420479e-09,1.10491636082e-09,4.66035203164e-10,1.47145877492e-10,3.36437463212e-11,5.34321526046e-12,5.60298113073e-13,3.65162259029e-14,1.37769406318e-15,2.77089842769e-17,2.70239487697e-19,1.14720797106e-21,1.87594108665e-24,1.02983005774e-27,1.62732611485e-31,8.24648605952e-12,1.67862761382e-11,2.55228527033e-11,2.93123502469e-11,2.55228527033e-11,1.67862761382e-11,8.24648605952e-12,2.96956809835e-12,7.63133394961e-13,1.35127705768e-13,1.57777276345e-14,1.15167316734e-15,4.93223646254e-17,1.15059955153e-18,1.34165814475e-20,7.08637591347e-23,1.51583439642e-25,1.15727719315e-28,2.73645885909e-32,1.71063918313e-36}},
{{0.00470202421669,0.00471195596209,0.00471341689487,0.00471346402926,0.00471346402926,0.00471346402926,0.00471341689487,0.00471195596209,0.00470202421669,0.00466544443753,0.00456844598668,0.00436083302722,0.00398426598342,0.00339649188492,0.00261152175782,0.00173398651307,0.000941682698178,0.000391450229401,0.000115036374619,2.17570616713e-05,0.00469948012218,0.00471123664644,0.00471332802715,0.00471346345455,0.00471346402926,0.00471346345455,0.00471332802715,0.00471123664644,0.00469948012218,0.00465923525721,0.00455624911197,0.00434031754572,0.00395406799963,0.0033576525243,0.0025686720434,0.00169475111313,0.000913230139214,0.000376073494038,0.000109292874024,2.0402914498e-05,0.00468973781482,0.00470780714131,0.00471250090107,0.00471332802715,0.00471341689487,0.00471332802715,0.00471250090107,0.00470780714131,0.00468973781482,0.0046376493311,0.00451599602565,0.00427479533206,0.003859901809,0.00323893284995,0.00244011139362,0.00157923685531,0.00083113623542,0.000332682778643,9.34834402173e-05,1.67781686455e-05,0.00466544443753,0.0046965963208,0.00470780714131,0.00471123664644,0.00471195596209,0.00471123664644,0.00470780714131,0.0046965963208,0.00466544443753,0.00459105806362,0.00443629532937,0.00415239892084,0.00369165443258,0.00303479473773,0.00222698561258,0.00139478982244,0.000705238453556,0.000269041820419,7.14246362029e-05,1.19965004971e-05,0.00461135682843,0.00466544443753,0.00468973781482,0.00469948012218,0.00470202421669,0.00469948012218,0.00468973781482,0.00466544443753,0.00461135682843,0.00450133318568,0.00429729862711,0.00395406799963,0.00343493605329,0.00273978022207,0.00193499202978,0.00115579492083,0.000551696363927,0.000196473550625,4.80979007068e-05,7.35098012836e-06,0.00450133318568,0.00459105806362,0.0046376493311,0.00465923525721,0.00466544443753,0.00465923525721,0.0046376493311,0.00459105806362,0.00450133318568,0.00434031754572,0.00407117100567,0.00365641239061,0.00307616386951,0.00235459240665,0.00157923685531,0.000885320455553,0.000391450229401,0.0001272804622,2.80031868495e-05,3.78102604933e-06,0.00429729862711,0.00443629532937,0.00451599602565,0.00455624911197,0.00456844598668,0.00455624911197,0.00451599602565,0.00443629532937,0.00429729862711,0.00407117100567,0.00372638212766,0.00323893284995,0.00261152175782,0.00189419827597,0.00118846479823,0.000614298273366,0.000246436922726,7.14246362029e-05,1.37388487759e-05,1.58817863247e-06,0.00395406799963,0.00415239892084,0.00427479533206,0.00434031754572,0.00436083302722,0.00434031754572,0.00427479533206,0.00415239892084,0.00395406799963,0.00365641239061,0.00323893284995,0.00269709584608,0.00205889128469,0.00139478982244,0.000804863711562,0.000376073494038,0.000133796919807,3.36745542158e-05,5.49737921873e-06,5.2609197344e-07,0.00343493605329,0.00369165443258,0.003859901809,0.00395406799963,0.00398426598342,0.00395406799963,0.003859901809,0.00369165443258,0.00343493605329,0.00307616386951,0.00261152175782,0.00205889128469,0.00146728528083,0.000913230139214,0.000475495302171,0.000196473550625,6.04527814096e-05,1.28412147522e-05,1.72283686969e-06,1.31653524636e-07,0.00273978022207,0.00303479473773,0.00323893284995,0.0033576525243,0.00339649188492,0.0033576525243,0.00323893284995,0.00303479473773,0.00273978022207,0.00235459240665,0.00189419827597,0.00139478982244,0.000913230139214,0.000512573328154,0.000235712614748,8.40526822792e-05,2.17570616713e-05,3.78102604933e-06,4.02619090009e-07,2.36314223718e-08,0.00193499202978,0.00222698561258,0.00244011139362,0.0025686720434,0.00261152175782,0.0025686720434,0.00244011139362,0.00222698561258,0.00193499202978,0.00157923685531,0.00118846479823,0.000804863711562,0.000475495302171,0.000235712614748,9.34834402173e-05,2.80031868495e-05,5.91591795325e-06,8.130514367e-07,6.61681452849e-08,2.86071763515e-09,0.00115579492083,0.00139478982244,0.00157923685531,0.00169475111313,0.00173398651307,0.00169475111313,0.00157923685531,0.00139478982244,0.00115579492083,0.000885320455553,0.000614298273366,0.000376073494038,0.000196473550625,8.40526822792e-05,2.80031868495e-05,6.84094974955e-06,1.14103292753e-06,1.19525059306e-07,7.13664794216e-09,2.17262966867e-10,0.000551696363927,0.000705238453556,0.00083113623542,0.000913230139214,0.000941682698178,0.000913230139214,0.00083113623542,0.000705238453556,0.000551696363927,0.000391450229401,0.000246436922726,0.000133796919807,6.04527814096e-05,2.17570616713e-05,5.91591795325e-06,1.14103292753e-06,1.44934129077e-07,1.1118052149e-08,4.66035203164e-10,9.51803706445e-12,0.000196473550625,0.000269041820419,0.000332682778643,0.000376073494038,0.000391450229401,0.000376073494038,0.000332682778643,0.000269041820419,0.000196473550625,0.0001272804622,7.14246362029e-05,3.36745542158e-05,1.28412147522e-05,3.78102604933e-06,8.130514367e-07,1.19525059306e-07,1.1118052149e-08,5.98167258096e-10,1.67862761382e-11,2.18356246776e-13,4.80979007068e-05,7.14246362029e-05,9.34834402173e-05,0.000109292874024,0.000115036374619,0.000109292874024,9.34834402173e-05,7.14246362029e-05,4.80979007068e-05,2.80031868495e-05,1.37388487759e-05,5.49737921873e-06,1.72283686969e-06,4.02619090009e-07,6.61681452849e-08,7.13664794216e-09,4.66035203164e-10,1.67862761382e-11,2.99712614846e-13,2.34889696639e-15,7.35098012836e-06,1.19965004971e-05,1.67781686455e-05,2.0402914498e-05,2.17570616713e-05,2.0402914498e-05,1.67781686455e-05,1.19965004971e-05,7.35098012836e-06,3.78102604933e-06,1.58817863247e-06,5.2609197344e-07,1.31653524636e-07,2.36314223718e-08,2.86071763515e-09,2.17262966867e-10,9.51803706445e-12,2.18356246776e-13,2.34889696639e-15,1.04522547789e-17,6.2714092801e-07,1.14103292753e-06,1.72283686969e-06,2.19256980088e-06,2.37364887147e-06,2.19256980088e-06,1.72283686969e-06,1.14103292753e-06,6.2714092801e-07,2.79761685354e-07,9.83567064803e-08,2.62598991991e-08,5.08729857198e-09,6.77076498275e-10,5.8029727804e-11,2.96956809835e-12,8.31340376211e-14,1.15167316734e-15,7.0424427869e-18,1.67044336146e-20,2.62598991991e-08,5.40930398567e-08,8.91500440722e-08,1.19525059306e-07,1.31653524636e-07,1.19525059306e-07,8.91500440722e-08,5.40930398567e-08,2.62598991991e-08,9.96015392397e-09,2.86071763515e-09,5.98167258096e-10,8.67800868994e-11,8.24648605952e-12,4.79634246063e-13,1.57777276345e-14,2.67995661857e-16,2.11810173039e-18,6.92113167111e-21,8.18326997976e-24,4.66035203164e-10,1.10491636082e-09,2.01116420479e-09,2.86071763515e-09,3.21350955225e-09,2.86071763515e-09,2.01116420479e-09,1.10491636082e-09,4.66035203164e-10,1.47145877492e-10,3.36437463212e-11,5.34321526046e-12,5.60298113073e-13,3.65162259029e-14,1.37769406318e-15,2.77089842769e-17,2.70239487697e-19,1.14720797106e-21,1.87594108665e-24,1.02983005774e-27,2.96956809835e-12,8.24648605952e-12,1.67862761382e-11,2.55228527033e-11,2.93123502469e-11,2.55228527033e-11,1.67862761382e-11,8.24648605952e-12,2.96956809835e-12,7.63133394961e-13,1.35127705768e-13,1.57777276345e-14,1.15167316734e-15,4.93223646254e-17,1.15059955153e-18,1.34165814475e-20,7.08637591347e-23,1.51583439642e-25,1.15727719315e-28,2.73645885909e-32}},
