static std::array<std::array<float, nptch>, nptch> sbetaMatrix = {{
{{0.00319263117042,0.00319263117042,0.0027780161406,0.00268175687636,0.00262549577773,0.00258561552033,0.00255470988109,0.00252947938969,0.0025081640336,0.00248971334759,0.00247344985956,0.00245891107662,0.00244576718378,0.00243377470615,0.00242274878373,0.00241254575145,0.00240305174452,0.00239417498944,0.00238584043672,0.00237798593045,0.00319263117042,0.00290040046174,0.00274857870107,0.00267092789082,0.00261991869487,0.00258222740833,0.00255243719699,0.00252785062266,0.00250694014415,0.00248876039813,0.0024726870371,0.00245828675774,0.0024452468599,0.0024333344401,0.00242237145307,0.00241221878638,0.00240276571021,0.00239392266675,0.00238561620827,0.00237778536004,0.0027780161406,0.00274857870107,0.00269420841404,0.00264505000271,0.00260522990588,0.00257287948116,0.00254600440385,0.00252316845927,0.00250338627715,0.00248597412048,0.00247044564438,0.00245644563933,0.00244370817665,0.0024320297028,0.0024212513227,0.00241124683903,0.00240191448269,0.00239317106777,0.00238494777618,0.00237718706137,0.00268175687636,0.00267092789082,0.00264505000271,0.00261471046651,0.00258561552033,0.00255947176382,0.00253637651389,0.00251596832743,0.00249782101619,0.00248155500576,0.00246685775508,0.00245347807992,0.00244121494795,0.0024299067948,0.00241942277482,0.00240965596055,0.00240051815185,0.00239193592821,0.00238384763724,0.00237620108247,0.00262549577773,0.00261991869487,0.00260522990588,0.00258561552033,0.00256455406282,0.00254397713127,0.00252469655734,0.00250694014415,0.00249067891675,0.00247578773957,0.00246211649057,0.00244951914917,0.00243786419605,0.00242703705497,0.00241693935142,0.00240748707099,0.00239860849872,0.00239024228828,0.00238233577647,0.00237484355998,0.00258561552033,0.00258222740833,0.00257287948116,0.00255947176382,0.00254397713127,0.00252785062266,0.0025119628605,0.00249675698069,0.0024824176052,0.00246898905272,0.00245644563933,0.0024447302859,0.00243377470615,0.00242350950131,0.00241386889277,0.00240479266845,0.00239622671836,0.00238812288557,0.00238043851211,0.00237313587552,0.00255470988109,0.00255243719699,0.00254600440385,0.00253637651389,0.00252469655734,0.0025119628605,0.00249890075295,0.00248597412048,0.00247344985956,0.00246146390247,0.00245007152482,0.00243928105926,0.00242907501342,0.00241942277482,0.00241028803428,0.00240163300183,0.0023934207122,0.00238561620827,0.00237818707498,0.00237110360422,0.00252947938969,0.00252785062266,0.00252316845927,0.00251596832743,0.00250694014415,0.00249675698069,0.00248597412048,0.00247500003588,0.00246411044843,0.00245347807992,0.00244320253866,0.0024333344401,0.00242389293123,0.00241487769513,0.00240627688324,0.00239807223025,0.00239024228828,0.00238276443193,0.00237561607091,0.00236877535673,0.0025081640336,0.00250694014415,0.00250338627715,0.00249782101619,0.00249067891675,0.0024824176052,0.00247344985956,0.00246411044843,0.00245465045167,0.0024452468599,0.00243601769192,0.00242703705497,0.00241834780525,0.00240997129287,0.00240191448269,0.00239417498944,0.00238674455971,0.00237961144033,0.00237276196678,0.00236618161313,0.00248971334759,0.00248876039813,0.00248597412048,0.00248155500576,0.00247578773957,0.00246898905272,0.00246146390247,0.00245347807992,0.0024452468599,0.00243693498152,0.00242866273352,0.00242051425106,0.00241254575145,0.00240479266845,0.00239727538434,0.0023900036271,0.00238297974306,0.00237620108247,0.00236966171245,0.00236335363228,0.00247344985956,0.0024726870371,0.00247044564438,0.00246685775508,0.00246211649057,0.00245644563933,0.00245007152482,0.00244320253866,0.00243601769192,0.00242866273352,0.0024212513227,0.00241386889277,0.00240657749686,0.0023994206112,0.0023924273917,0.00238561620827,0.00237899746017,0.00237257575683,0.00236635157451,0.00236032249694,0.00245891107662,0.00245828675774,0.00245644563933,0.00245347807992,0.00244951914917,0.0024447302859,0.00243928105926,0.0024333344401,0.00242703705497,0.00242051425106,0.00241386889277,0.00240718257981,0.00240051815185,0.00239392266675,0.00238743035145,0.00238106526371,0.00237484355998,0.00236877535673,0.0023628662192,0.00235711833036,0.00244576718378,0.0024452468599,0.00244370817665,0.00244121494795,0.00243786419605,0.00243377470615,0.00242907501342,0.00242389293123,0.00241834780525,0.00241254575145,0.00240657749686,0.00240051815185,0.00239442821758,0.00238835525139,0.00238233577647,0.00237639717419,0.00237055941516,0.0023648365649,0.0023592380499,0.00235376969697,0.00243377470615,0.0024333344401,0.0024320297028,0.0024299067948,0.00242703705497,0.00242350950131,0.00241942277482,0.00241487769513,0.00240997129287,0.00240479266845,0.0023994206112,0.00239392266675,0.00238835525139,0.00238276443193,0.00237718706137,0.00237165204794,0.00236618161313,0.00236079245545,0.00235549678002,0.00235030318157,0.00242274878373,0.00242237145307,0.0024212513227,0.00241942277482,0.00241693935142,0.00241386889277,0.00241028803428,0.00240627688324,0.00240191448269,0.00239727538434,0.0023924273917,0.00238743035145,0.00238233577647,0.00237718706137,0.00237202007354,0.0023668639463,0.00236174194831,0.00235667234586,0.00235166920801,0.00234674312879,0.00241254575145,0.00241221878638,0.00241124683903,0.00240965596055,0.00240748707099,0.00240479266845,0.00240163300183,0.00239807223025,0.00239417498944,0.0023900036271,0.00238561620827,0.00238106526371,0.00237639717419,0.00237165204794,0.0023668639463,0.00236206133021,0.00235726762632,0.0023525018385,0.00234777915467,0.00234311151774,0.00240305174452,0.00240276571021,0.00240191448269,0.00240051815185,0.00239860849872,0.00239622671836,0.0023934207122,0.00239024228828,0.00238674455971,0.00238297974306,0.00237899746017,0.00237484355998,0.00237055941516,0.00236618161313,0.00236174194831,0.00235726762632,0.0023527816027,0.00234830299491,0.00234384752253,0.00233942794413,0.00239417498944,0.00239392266675,0.00239317106777,0.00239193592821,0.00239024228828,0.00238812288557,0.00238561620827,0.00238276443193,0.00237961144033,0.00237620108247,0.00237257575683,0.00236877535673,0.0023648365649,0.00236079245545,0.00235667234586,0.0023525018385,0.00234830299491,0.00234409459467,0.00233989244082,0.00233570968301,0.00238584043672,0.00238561620827,0.00238494777618,0.00238384763724,0.00238233577647,0.00238043851211,0.00237818707498,0.00237561607091,0.00237276196678,0.00236966171245,0.00236635157451,0.0023628662192,0.0023592380499,0.00235549678002,0.00235166920801,0.00234777915467,0.00234384752253,0.00233989244082,0.00233592946529,0.00233197180803,0.00237798593045,0.00237778536004,0.00237718706137,0.00237620108247,0.00237484355998,0.00237313587552,0.00237110360422,0.00236877535673,0.00236618161313,0.00236335363228,0.00236032249694,0.00235711833036,0.00235376969697,0.00235030318157,0.00234674312879,0.00234311151774,0.00233942794413,0.00233570968301,0.00233197180803,0.00232822734698}},
{{0.00319263117042,0.00319263117042,0.00319263117042,0.0027780161406,0.00268175687636,0.00262549577773,0.00258561552033,0.00255470988109,0.00252947938969,0.0025081640336,0.00248971334759,0.00247344985956,0.00245891107662,0.00244576718378,0.00243377470615,0.00242274878373,0.00241254575145,0.00240305174452,0.00239417498944,0.00238584043672,0.00290040046174,0.00319263117042,0.00290040046174,0.00274857870107,0.00267092789082,0.00261991869487,0.00258222740833,0.00255243719699,0.00252785062266,0.00250694014415,0.00248876039813,0.0024726870371,0.00245828675774,0.0024452468599,0.0024333344401,0.00242237145307,0.00241221878638,0.00240276571021,0.00239392266675,0.00238561620827,0.00274857870107,0.0027780161406,0.00274857870107,0.00269420841404,0.00264505000271,0.00260522990588,0.00257287948116,0.00254600440385,0.00252316845927,0.00250338627715,0.00248597412048,0.00247044564438,0.00245644563933,0.00244370817665,0.0024320297028,0.0024212513227,0.00241124683903,0.00240191448269,0.00239317106777,0.00238494777618,0.00267092789082,0.00268175687636,0.00267092789082,0.00264505000271,0.00261471046651,0.00258561552033,0.00255947176382,0.00253637651389,0.00251596832743,0.00249782101619,0.00248155500576,0.00246685775508,0.00245347807992,0.00244121494795,0.0024299067948,0.00241942277482,0.00240965596055,0.00240051815185,0.00239193592821,0.00238384763724,0.00261991869487,0.00262549577773,0.00261991869487,0.00260522990588,0.00258561552033,0.00256455406282,0.00254397713127,0.00252469655734,0.00250694014415,0.00249067891675,0.00247578773957,0.00246211649057,0.00244951914917,0.00243786419605,0.00242703705497,0.00241693935142,0.00240748707099,0.00239860849872,0.00239024228828,0.00238233577647,0.00258222740833,0.00258561552033,0.00258222740833,0.00257287948116,0.00255947176382,0.00254397713127,0.00252785062266,0.0025119628605,0.00249675698069,0.0024824176052,0.00246898905272,0.00245644563933,0.0024447302859,0.00243377470615,0.00242350950131,0.00241386889277,0.00240479266845,0.00239622671836,0.00238812288557,0.00238043851211,0.00255243719699,0.00255470988109,0.00255243719699,0.00254600440385,0.00253637651389,0.00252469655734,0.0025119628605,0.00249890075295,0.00248597412048,0.00247344985956,0.00246146390247,0.00245007152482,0.00243928105926,0.00242907501342,0.00241942277482,0.00241028803428,0.00240163300183,0.0023934207122,0.00238561620827,0.00237818707498,0.00252785062266,0.00252947938969,0.00252785062266,0.00252316845927,0.00251596832743,0.00250694014415,0.00249675698069,0.00248597412048,0.00247500003588,0.00246411044843,0.00245347807992,0.00244320253866,0.0024333344401,0.00242389293123,0.00241487769513,0.00240627688324,0.00239807223025,0.00239024228828,0.00238276443193,0.00237561607091,0.00250694014415,0.0025081640336,0.00250694014415,0.00250338627715,0.00249782101619,0.00249067891675,0.0024824176052,0.00247344985956,0.00246411044843,0.00245465045167,0.0024452468599,0.00243601769192,0.00242703705497,0.00241834780525,0.00240997129287,0.00240191448269,0.00239417498944,0.00238674455971,0.00237961144033,0.00237276196678,0.00248876039813,0.00248971334759,0.00248876039813,0.00248597412048,0.00248155500576,0.00247578773957,0.00246898905272,0.00246146390247,0.00245347807992,0.0024452468599,0.00243693498152,0.00242866273352,0.00242051425106,0.00241254575145,0.00240479266845,0.00239727538434,0.0023900036271,0.00238297974306,0.00237620108247,0.00236966171245,0.0024726870371,0.00247344985956,0.0024726870371,0.00247044564438,0.00246685775508,0.00246211649057,0.00245644563933,0.00245007152482,0.00244320253866,0.00243601769192,0.00242866273352,0.0024212513227,0.00241386889277,0.00240657749686,0.0023994206112,0.0023924273917,0.00238561620827,0.00237899746017,0.00237257575683,0.00236635157451,0.00245828675774,0.00245891107662,0.00245828675774,0.00245644563933,0.00245347807992,0.00244951914917,0.0024447302859,0.00243928105926,0.0024333344401,0.00242703705497,0.00242051425106,0.00241386889277,0.00240718257981,0.00240051815185,0.00239392266675,0.00238743035145,0.00238106526371,0.00237484355998,0.00236877535673,0.0023628662192,0.0024452468599,0.00244576718378,0.0024452468599,0.00244370817665,0.00244121494795,0.00243786419605,0.00243377470615,0.00242907501342,0.00242389293123,0.00241834780525,0.00241254575145,0.00240657749686,0.00240051815185,0.00239442821758,0.00238835525139,0.00238233577647,0.00237639717419,0.00237055941516,0.0023648365649,0.0023592380499,0.0024333344401,0.00243377470615,0.0024333344401,0.0024320297028,0.0024299067948,0.00242703705497,0.00242350950131,0.00241942277482,0.00241487769513,0.00240997129287,0.00240479266845,0.0023994206112,0.00239392266675,0.00238835525139,0.00238276443193,0.00237718706137,0.00237165204794,0.00236618161313,0.00236079245545,0.00235549678002,0.00242237145307,0.00242274878373,0.00242237145307,0.0024212513227,0.00241942277482,0.00241693935142,0.00241386889277,0.00241028803428,0.00240627688324,0.00240191448269,0.00239727538434,0.0023924273917,0.00238743035145,0.00238233577647,0.00237718706137,0.00237202007354,0.0023668639463,0.00236174194831,0.00235667234586,0.00235166920801,0.00241221878638,0.00241254575145,0.00241221878638,0.00241124683903,0.00240965596055,0.00240748707099,0.00240479266845,0.00240163300183,0.00239807223025,0.00239417498944,0.0023900036271,0.00238561620827,0.00238106526371,0.00237639717419,0.00237165204794,0.0023668639463,0.00236206133021,0.00235726762632,0.0023525018385,0.00234777915467,0.00240276571021,0.00240305174452,0.00240276571021,0.00240191448269,0.00240051815185,0.00239860849872,0.00239622671836,0.0023934207122,0.00239024228828,0.00238674455971,0.00238297974306,0.00237899746017,0.00237484355998,0.00237055941516,0.00236618161313,0.00236174194831,0.00235726762632,0.0023527816027,0.00234830299491,0.00234384752253,0.00239392266675,0.00239417498944,0.00239392266675,0.00239317106777,0.00239193592821,0.00239024228828,0.00238812288557,0.00238561620827,0.00238276443193,0.00237961144033,0.00237620108247,0.00237257575683,0.00236877535673,0.0023648365649,0.00236079245545,0.00235667234586,0.0023525018385,0.00234830299491,0.00234409459467,0.00233989244082,0.00238561620827,0.00238584043672,0.00238561620827,0.00238494777618,0.00238384763724,0.00238233577647,0.00238043851211,0.00237818707498,0.00237561607091,0.00237276196678,0.00236966171245,0.00236635157451,0.0023628662192,0.0023592380499,0.00235549678002,0.00235166920801,0.00234777915467,0.00234384752253,0.00233989244082,0.00233592946529,0.00237778536004,0.00237798593045,0.00237778536004,0.00237718706137,0.00237620108247,0.00237484355998,0.00237313587552,0.00237110360422,0.00236877535673,0.00236618161313,0.00236335363228,0.00236032249694,0.00235711833036,0.00235376969697,0.00235030318157,0.00234674312879,0.00234311151774,0.00233942794413,0.00233570968301,0.00233197180803}},
{{0.0027780161406,0.00319263117042,0.00319263117042,0.00319263117042,0.0027780161406,0.00268175687636,0.00262549577773,0.00258561552033,0.00255470988109,0.00252947938969,0.0025081640336,0.00248971334759,0.00247344985956,0.00245891107662,0.00244576718378,0.00243377470615,0.00242274878373,0.00241254575145,0.00240305174452,0.00239417498944,0.00274857870107,0.00290040046174,0.00319263117042,0.00290040046174,0.00274857870107,0.00267092789082,0.00261991869487,0.00258222740833,0.00255243719699,0.00252785062266,0.00250694014415,0.00248876039813,0.0024726870371,0.00245828675774,0.0024452468599,0.0024333344401,0.00242237145307,0.00241221878638,0.00240276571021,0.00239392266675,0.00269420841404,0.00274857870107,0.0027780161406,0.00274857870107,0.00269420841404,0.00264505000271,0.00260522990588,0.00257287948116,0.00254600440385,0.00252316845927,0.00250338627715,0.00248597412048,0.00247044564438,0.00245644563933,0.00244370817665,0.0024320297028,0.0024212513227,0.00241124683903,0.00240191448269,0.00239317106777,0.00264505000271,0.00267092789082,0.00268175687636,0.00267092789082,0.00264505000271,0.00261471046651,0.00258561552033,0.00255947176382,0.00253637651389,0.00251596832743,0.00249782101619,0.00248155500576,0.00246685775508,0.00245347807992,0.00244121494795,0.0024299067948,0.00241942277482,0.00240965596055,0.00240051815185,0.00239193592821,0.00260522990588,0.00261991869487,0.00262549577773,0.00261991869487,0.00260522990588,0.00258561552033,0.00256455406282,0.00254397713127,0.00252469655734,0.00250694014415,0.00249067891675,0.00247578773957,0.00246211649057,0.00244951914917,0.00243786419605,0.00242703705497,0.00241693935142,0.00240748707099,0.00239860849872,0.00239024228828,0.00257287948116,0.00258222740833,0.00258561552033,0.00258222740833,0.00257287948116,0.00255947176382,0.00254397713127,0.00252785062266,0.0025119628605,0.00249675698069,0.0024824176052,0.00246898905272,0.00245644563933,0.0024447302859,0.00243377470615,0.00242350950131,0.00241386889277,0.00240479266845,0.00239622671836,0.00238812288557,0.00254600440385,0.00255243719699,0.00255470988109,0.00255243719699,0.00254600440385,0.00253637651389,0.00252469655734,0.0025119628605,0.00249890075295,0.00248597412048,0.00247344985956,0.00246146390247,0.00245007152482,0.00243928105926,0.00242907501342,0.00241942277482,0.00241028803428,0.00240163300183,0.0023934207122,0.00238561620827,0.00252316845927,0.00252785062266,0.00252947938969,0.00252785062266,0.00252316845927,0.00251596832743,0.00250694014415,0.00249675698069,0.00248597412048,0.00247500003588,0.00246411044843,0.00245347807992,0.00244320253866,0.0024333344401,0.00242389293123,0.00241487769513,0.00240627688324,0.00239807223025,0.00239024228828,0.00238276443193,0.00250338627715,0.00250694014415,0.0025081640336,0.00250694014415,0.00250338627715,0.00249782101619,0.00249067891675,0.0024824176052,0.00247344985956,0.00246411044843,0.00245465045167,0.0024452468599,0.00243601769192,0.00242703705497,0.00241834780525,0.00240997129287,0.00240191448269,0.00239417498944,0.00238674455971,0.00237961144033,0.00248597412048,0.00248876039813,0.00248971334759,0.00248876039813,0.00248597412048,0.00248155500576,0.00247578773957,0.00246898905272,0.00246146390247,0.00245347807992,0.0024452468599,0.00243693498152,0.00242866273352,0.00242051425106,0.00241254575145,0.00240479266845,0.00239727538434,0.0023900036271,0.00238297974306,0.00237620108247,0.00247044564438,0.0024726870371,0.00247344985956,0.0024726870371,0.00247044564438,0.00246685775508,0.00246211649057,0.00245644563933,0.00245007152482,0.00244320253866,0.00243601769192,0.00242866273352,0.0024212513227,0.00241386889277,0.00240657749686,0.0023994206112,0.0023924273917,0.00238561620827,0.00237899746017,0.00237257575683,0.00245644563933,0.00245828675774,0.00245891107662,0.00245828675774,0.00245644563933,0.00245347807992,0.00244951914917,0.0024447302859,0.00243928105926,0.0024333344401,0.00242703705497,0.00242051425106,0.00241386889277,0.00240718257981,0.00240051815185,0.00239392266675,0.00238743035145,0.00238106526371,0.00237484355998,0.00236877535673,0.00244370817665,0.0024452468599,0.00244576718378,0.0024452468599,0.00244370817665,0.00244121494795,0.00243786419605,0.00243377470615,0.00242907501342,0.00242389293123,0.00241834780525,0.00241254575145,0.00240657749686,0.00240051815185,0.00239442821758,0.00238835525139,0.00238233577647,0.00237639717419,0.00237055941516,0.0023648365649,0.0024320297028,0.0024333344401,0.00243377470615,0.0024333344401,0.0024320297028,0.0024299067948,0.00242703705497,0.00242350950131,0.00241942277482,0.00241487769513,0.00240997129287,0.00240479266845,0.0023994206112,0.00239392266675,0.00238835525139,0.00238276443193,0.00237718706137,0.00237165204794,0.00236618161313,0.00236079245545,0.0024212513227,0.00242237145307,0.00242274878373,0.00242237145307,0.0024212513227,0.00241942277482,0.00241693935142,0.00241386889277,0.00241028803428,0.00240627688324,0.00240191448269,0.00239727538434,0.0023924273917,0.00238743035145,0.00238233577647,0.00237718706137,0.00237202007354,0.0023668639463,0.00236174194831,0.00235667234586,0.00241124683903,0.00241221878638,0.00241254575145,0.00241221878638,0.00241124683903,0.00240965596055,0.00240748707099,0.00240479266845,0.00240163300183,0.00239807223025,0.00239417498944,0.0023900036271,0.00238561620827,0.00238106526371,0.00237639717419,0.00237165204794,0.0023668639463,0.00236206133021,0.00235726762632,0.0023525018385,0.00240191448269,0.00240276571021,0.00240305174452,0.00240276571021,0.00240191448269,0.00240051815185,0.00239860849872,0.00239622671836,0.0023934207122,0.00239024228828,0.00238674455971,0.00238297974306,0.00237899746017,0.00237484355998,0.00237055941516,0.00236618161313,0.00236174194831,0.00235726762632,0.0023527816027,0.00234830299491,0.00239317106777,0.00239392266675,0.00239417498944,0.00239392266675,0.00239317106777,0.00239193592821,0.00239024228828,0.00238812288557,0.00238561620827,0.00238276443193,0.00237961144033,0.00237620108247,0.00237257575683,0.00236877535673,0.0023648365649,0.00236079245545,0.00235667234586,0.0023525018385,0.00234830299491,0.00234409459467,0.00238494777618,0.00238561620827,0.00238584043672,0.00238561620827,0.00238494777618,0.00238384763724,0.00238233577647,0.00238043851211,0.00237818707498,0.00237561607091,0.00237276196678,0.00236966171245,0.00236635157451,0.0023628662192,0.0023592380499,0.00235549678002,0.00235166920801,0.00234777915467,0.00234384752253,0.00233989244082,0.00237718706137,0.00237778536004,0.00237798593045,0.00237778536004,0.00237718706137,0.00237620108247,0.00237484355998,0.00237313587552,0.00237110360422,0.00236877535673,0.00236618161313,0.00236335363228,0.00236032249694,0.00235711833036,0.00235376969697,0.00235030318157,0.00234674312879,0.00234311151774,0.00233942794413,0.00233570968301}},
{{0.00268175687636,0.0027780161406,0.00319263117042,0.00319263117042,0.00319263117042,0.0027780161406,0.00268175687636,0.00262549577773,0.00258561552033,0.00255470988109,0.00252947938969,0.0025081640336,0.00248971334759,0.00247344985956,0.00245891107662,0.00244576718378,0.00243377470615,0.00242274878373,0.00241254575145,0.00240305174452,0.00267092789082,0.00274857870107,0.00290040046174,0.00319263117042,0.00290040046174,0.00274857870107,0.00267092789082,0.00261991869487,0.00258222740833,0.00255243719699,0.00252785062266,0.00250694014415,0.00248876039813,0.0024726870371,0.00245828675774,0.0024452468599,0.0024333344401,0.00242237145307,0.00241221878638,0.00240276571021,0.00264505000271,0.00269420841404,0.00274857870107,0.0027780161406,0.00274857870107,0.00269420841404,0.00264505000271,0.00260522990588,0.00257287948116,0.00254600440385,0.00252316845927,0.00250338627715,0.00248597412048,0.00247044564438,0.00245644563933,0.00244370817665,0.0024320297028,0.0024212513227,0.00241124683903,0.00240191448269,0.00261471046651,0.00264505000271,0.00267092789082,0.00268175687636,0.00267092789082,0.00264505000271,0.00261471046651,0.00258561552033,0.00255947176382,0.00253637651389,0.00251596832743,0.00249782101619,0.00248155500576,0.00246685775508,0.00245347807992,0.00244121494795,0.0024299067948,0.00241942277482,0.00240965596055,0.00240051815185,0.00258561552033,0.00260522990588,0.00261991869487,0.00262549577773,0.00261991869487,0.00260522990588,0.00258561552033,0.00256455406282,0.00254397713127,0.00252469655734,0.00250694014415,0.00249067891675,0.00247578773957,0.00246211649057,0.00244951914917,0.00243786419605,0.00242703705497,0.00241693935142,0.00240748707099,0.00239860849872,0.00255947176382,0.00257287948116,0.00258222740833,0.00258561552033,0.00258222740833,0.00257287948116,0.00255947176382,0.00254397713127,0.00252785062266,0.0025119628605,0.00249675698069,0.0024824176052,0.00246898905272,0.00245644563933,0.0024447302859,0.00243377470615,0.00242350950131,0.00241386889277,0.00240479266845,0.00239622671836,0.00253637651389,0.00254600440385,0.00255243719699,0.00255470988109,0.00255243719699,0.00254600440385,0.00253637651389,0.00252469655734,0.0025119628605,0.00249890075295,0.00248597412048,0.00247344985956,0.00246146390247,0.00245007152482,0.00243928105926,0.00242907501342,0.00241942277482,0.00241028803428,0.00240163300183,0.0023934207122,0.00251596832743,0.00252316845927,0.00252785062266,0.00252947938969,0.00252785062266,0.00252316845927,0.00251596832743,0.00250694014415,0.00249675698069,0.00248597412048,0.00247500003588,0.00246411044843,0.00245347807992,0.00244320253866,0.0024333344401,0.00242389293123,0.00241487769513,0.00240627688324,0.00239807223025,0.00239024228828,0.00249782101619,0.00250338627715,0.00250694014415,0.0025081640336,0.00250694014415,0.00250338627715,0.00249782101619,0.00249067891675,0.0024824176052,0.00247344985956,0.00246411044843,0.00245465045167,0.0024452468599,0.00243601769192,0.00242703705497,0.00241834780525,0.00240997129287,0.00240191448269,0.00239417498944,0.00238674455971,0.00248155500576,0.00248597412048,0.00248876039813,0.00248971334759,0.00248876039813,0.00248597412048,0.00248155500576,0.00247578773957,0.00246898905272,0.00246146390247,0.00245347807992,0.0024452468599,0.00243693498152,0.00242866273352,0.00242051425106,0.00241254575145,0.00240479266845,0.00239727538434,0.0023900036271,0.00238297974306,0.00246685775508,0.00247044564438,0.0024726870371,0.00247344985956,0.0024726870371,0.00247044564438,0.00246685775508,0.00246211649057,0.00245644563933,0.00245007152482,0.00244320253866,0.00243601769192,0.00242866273352,0.0024212513227,0.00241386889277,0.00240657749686,0.0023994206112,0.0023924273917,0.00238561620827,0.00237899746017,0.00245347807992,0.00245644563933,0.00245828675774,0.00245891107662,0.00245828675774,0.00245644563933,0.00245347807992,0.00244951914917,0.0024447302859,0.00243928105926,0.0024333344401,0.00242703705497,0.00242051425106,0.00241386889277,0.00240718257981,0.00240051815185,0.00239392266675,0.00238743035145,0.00238106526371,0.00237484355998,0.00244121494795,0.00244370817665,0.0024452468599,0.00244576718378,0.0024452468599,0.00244370817665,0.00244121494795,0.00243786419605,0.00243377470615,0.00242907501342,0.00242389293123,0.00241834780525,0.00241254575145,0.00240657749686,0.00240051815185,0.00239442821758,0.00238835525139,0.00238233577647,0.00237639717419,0.00237055941516,0.0024299067948,0.0024320297028,0.0024333344401,0.00243377470615,0.0024333344401,0.0024320297028,0.0024299067948,0.00242703705497,0.00242350950131,0.00241942277482,0.00241487769513,0.00240997129287,0.00240479266845,0.0023994206112,0.00239392266675,0.00238835525139,0.00238276443193,0.00237718706137,0.00237165204794,0.00236618161313,0.00241942277482,0.0024212513227,0.00242237145307,0.00242274878373,0.00242237145307,0.0024212513227,0.00241942277482,0.00241693935142,0.00241386889277,0.00241028803428,0.00240627688324,0.00240191448269,0.00239727538434,0.0023924273917,0.00238743035145,0.00238233577647,0.00237718706137,0.00237202007354,0.0023668639463,0.00236174194831,0.00240965596055,0.00241124683903,0.00241221878638,0.00241254575145,0.00241221878638,0.00241124683903,0.00240965596055,0.00240748707099,0.00240479266845,0.00240163300183,0.00239807223025,0.00239417498944,0.0023900036271,0.00238561620827,0.00238106526371,0.00237639717419,0.00237165204794,0.0023668639463,0.00236206133021,0.00235726762632,0.00240051815185,0.00240191448269,0.00240276571021,0.00240305174452,0.00240276571021,0.00240191448269,0.00240051815185,0.00239860849872,0.00239622671836,0.0023934207122,0.00239024228828,0.00238674455971,0.00238297974306,0.00237899746017,0.00237484355998,0.00237055941516,0.00236618161313,0.00236174194831,0.00235726762632,0.0023527816027,0.00239193592821,0.00239317106777,0.00239392266675,0.00239417498944,0.00239392266675,0.00239317106777,0.00239193592821,0.00239024228828,0.00238812288557,0.00238561620827,0.00238276443193,0.00237961144033,0.00237620108247,0.00237257575683,0.00236877535673,0.0023648365649,0.00236079245545,0.00235667234586,0.0023525018385,0.00234830299491,0.00238384763724,0.00238494777618,0.00238561620827,0.00238584043672,0.00238561620827,0.00238494777618,0.00238384763724,0.00238233577647,0.00238043851211,0.00237818707498,0.00237561607091,0.00237276196678,0.00236966171245,0.00236635157451,0.0023628662192,0.0023592380499,0.00235549678002,0.00235166920801,0.00234777915467,0.00234384752253,0.00237620108247,0.00237718706137,0.00237778536004,0.00237798593045,0.00237778536004,0.00237718706137,0.00237620108247,0.00237484355998,0.00237313587552,0.00237110360422,0.00236877535673,0.00236618161313,0.00236335363228,0.00236032249694,0.00235711833036,0.00235376969697,0.00235030318157,0.00234674312879,0.00234311151774,0.00233942794413}},
{{0.00262549577773,0.00268175687636,0.0027780161406,0.00319263117042,0.00319263117042,0.00319263117042,0.0027780161406,0.00268175687636,0.00262549577773,0.00258561552033,0.00255470988109,0.00252947938969,0.0025081640336,0.00248971334759,0.00247344985956,0.00245891107662,0.00244576718378,0.00243377470615,0.00242274878373,0.00241254575145,0.00261991869487,0.00267092789082,0.00274857870107,0.00290040046174,0.00319263117042,0.00290040046174,0.00274857870107,0.00267092789082,0.00261991869487,0.00258222740833,0.00255243719699,0.00252785062266,0.00250694014415,0.00248876039813,0.0024726870371,0.00245828675774,0.0024452468599,0.0024333344401,0.00242237145307,0.00241221878638,0.00260522990588,0.00264505000271,0.00269420841404,0.00274857870107,0.0027780161406,0.00274857870107,0.00269420841404,0.00264505000271,0.00260522990588,0.00257287948116,0.00254600440385,0.00252316845927,0.00250338627715,0.00248597412048,0.00247044564438,0.00245644563933,0.00244370817665,0.0024320297028,0.0024212513227,0.00241124683903,0.00258561552033,0.00261471046651,0.00264505000271,0.00267092789082,0.00268175687636,0.00267092789082,0.00264505000271,0.00261471046651,0.00258561552033,0.00255947176382,0.00253637651389,0.00251596832743,0.00249782101619,0.00248155500576,0.00246685775508,0.00245347807992,0.00244121494795,0.0024299067948,0.00241942277482,0.00240965596055,0.00256455406282,0.00258561552033,0.00260522990588,0.00261991869487,0.00262549577773,0.00261991869487,0.00260522990588,0.00258561552033,0.00256455406282,0.00254397713127,0.00252469655734,0.00250694014415,0.00249067891675,0.00247578773957,0.00246211649057,0.00244951914917,0.00243786419605,0.00242703705497,0.00241693935142,0.00240748707099,0.00254397713127,0.00255947176382,0.00257287948116,0.00258222740833,0.00258561552033,0.00258222740833,0.00257287948116,0.00255947176382,0.00254397713127,0.00252785062266,0.0025119628605,0.00249675698069,0.0024824176052,0.00246898905272,0.00245644563933,0.0024447302859,0.00243377470615,0.00242350950131,0.00241386889277,0.00240479266845,0.00252469655734,0.00253637651389,0.00254600440385,0.00255243719699,0.00255470988109,0.00255243719699,0.00254600440385,0.00253637651389,0.00252469655734,0.0025119628605,0.00249890075295,0.00248597412048,0.00247344985956,0.00246146390247,0.00245007152482,0.00243928105926,0.00242907501342,0.00241942277482,0.00241028803428,0.00240163300183,0.00250694014415,0.00251596832743,0.00252316845927,0.00252785062266,0.00252947938969,0.00252785062266,0.00252316845927,0.00251596832743,0.00250694014415,0.00249675698069,0.00248597412048,0.00247500003588,0.00246411044843,0.00245347807992,0.00244320253866,0.0024333344401,0.00242389293123,0.00241487769513,0.00240627688324,0.00239807223025,0.00249067891675,0.00249782101619,0.00250338627715,0.00250694014415,0.0025081640336,0.00250694014415,0.00250338627715,0.00249782101619,0.00249067891675,0.0024824176052,0.00247344985956,0.00246411044843,0.00245465045167,0.0024452468599,0.00243601769192,0.00242703705497,0.00241834780525,0.00240997129287,0.00240191448269,0.00239417498944,0.00247578773957,0.00248155500576,0.00248597412048,0.00248876039813,0.00248971334759,0.00248876039813,0.00248597412048,0.00248155500576,0.00247578773957,0.00246898905272,0.00246146390247,0.00245347807992,0.0024452468599,0.00243693498152,0.00242866273352,0.00242051425106,0.00241254575145,0.00240479266845,0.00239727538434,0.0023900036271,0.00246211649057,0.00246685775508,0.00247044564438,0.0024726870371,0.00247344985956,0.0024726870371,0.00247044564438,0.00246685775508,0.00246211649057,0.00245644563933,0.00245007152482,0.00244320253866,0.00243601769192,0.00242866273352,0.0024212513227,0.00241386889277,0.00240657749686,0.0023994206112,0.0023924273917,0.00238561620827,0.00244951914917,0.00245347807992,0.00245644563933,0.00245828675774,0.00245891107662,0.00245828675774,0.00245644563933,0.00245347807992,0.00244951914917,0.0024447302859,0.00243928105926,0.0024333344401,0.00242703705497,0.00242051425106,0.00241386889277,0.00240718257981,0.00240051815185,0.00239392266675,0.00238743035145,0.00238106526371,0.00243786419605,0.00244121494795,0.00244370817665,0.0024452468599,0.00244576718378,0.0024452468599,0.00244370817665,0.00244121494795,0.00243786419605,0.00243377470615,0.00242907501342,0.00242389293123,0.00241834780525,0.00241254575145,0.00240657749686,0.00240051815185,0.00239442821758,0.00238835525139,0.00238233577647,0.00237639717419,0.00242703705497,0.0024299067948,0.0024320297028,0.0024333344401,0.00243377470615,0.0024333344401,0.0024320297028,0.0024299067948,0.00242703705497,0.00242350950131,0.00241942277482,0.00241487769513,0.00240997129287,0.00240479266845,0.0023994206112,0.00239392266675,0.00238835525139,0.00238276443193,0.00237718706137,0.00237165204794,0.00241693935142,0.00241942277482,0.0024212513227,0.00242237145307,0.00242274878373,0.00242237145307,0.0024212513227,0.00241942277482,0.00241693935142,0.00241386889277,0.00241028803428,0.00240627688324,0.00240191448269,0.00239727538434,0.0023924273917,0.00238743035145,0.00238233577647,0.00237718706137,0.00237202007354,0.0023668639463,0.00240748707099,0.00240965596055,0.00241124683903,0.00241221878638,0.00241254575145,0.00241221878638,0.00241124683903,0.00240965596055,0.00240748707099,0.00240479266845,0.00240163300183,0.00239807223025,0.00239417498944,0.0023900036271,0.00238561620827,0.00238106526371,0.00237639717419,0.00237165204794,0.0023668639463,0.00236206133021,0.00239860849872,0.00240051815185,0.00240191448269,0.00240276571021,0.00240305174452,0.00240276571021,0.00240191448269,0.00240051815185,0.00239860849872,0.00239622671836,0.0023934207122,0.00239024228828,0.00238674455971,0.00238297974306,0.00237899746017,0.00237484355998,0.00237055941516,0.00236618161313,0.00236174194831,0.00235726762632,0.00239024228828,0.00239193592821,0.00239317106777,0.00239392266675,0.00239417498944,0.00239392266675,0.00239317106777,0.00239193592821,0.00239024228828,0.00238812288557,0.00238561620827,0.00238276443193,0.00237961144033,0.00237620108247,0.00237257575683,0.00236877535673,0.0023648365649,0.00236079245545,0.00235667234586,0.0023525018385,0.00238233577647,0.00238384763724,0.00238494777618,0.00238561620827,0.00238584043672,0.00238561620827,0.00238494777618,0.00238384763724,0.00238233577647,0.00238043851211,0.00237818707498,0.00237561607091,0.00237276196678,0.00236966171245,0.00236635157451,0.0023628662192,0.0023592380499,0.00235549678002,0.00235166920801,0.00234777915467,0.00237484355998,0.00237620108247,0.00237718706137,0.00237778536004,0.00237798593045,0.00237778536004,0.00237718706137,0.00237620108247,0.00237484355998,0.00237313587552,0.00237110360422,0.00236877535673,0.00236618161313,0.00236335363228,0.00236032249694,0.00235711833036,0.00235376969697,0.00235030318157,0.00234674312879,0.00234311151774}},
