static std::array<std::array<float, nptch>, nptch> sbetaMatrix = {{
{{0.1064602084,0.1064602084,0.0391645219732,0.0144078224572,0.00530034167406,0.1064602084,0.0703552721809,0.0309292799916,0.0122496041859,0.00468640451102,0.0391645219732,0.0309292799916,0.0171045440228,0.00786340728887,0.00330565728767,0.0144078224572,0.0122496041859,0.00786340728887,0.00415840088682,0.00194988673307,0.00530034167406,0.00468640451102,0.00330565728767,0.00194988673307,0.00101097684407}},
{{0.1064602084,0.1064602084,0.1064602084,0.0391645219732,0.0144078224572,0.0703552721809,0.1064602084,0.0703552721809,0.0309292799916,0.0122496041859,0.0309292799916,0.0391645219732,0.0309292799916,0.0171045440228,0.00786340728887,0.0122496041859,0.0144078224572,0.0122496041859,0.00786340728887,0.00415840088682,0.00468640451102,0.00530034167406,0.00468640451102,0.00330565728767,0.00194988673307}},
{{0.0391645219732,0.1064602084,0.1064602084,0.1064602084,0.0391645219732,0.0309292799916,0.0703552721809,0.1064602084,0.0703552721809,0.0309292799916,0.0171045440228,0.0309292799916,0.0391645219732,0.0309292799916,0.0171045440228,0.00786340728887,0.0122496041859,0.0144078224572,0.0122496041859,0.00786340728887,0.00330565728767,0.00468640451102,0.00530034167406,0.00468640451102,0.00330565728767}},
{{0.0144078224572,0.0391645219732,0.1064602084,0.1064602084,0.1064602084,0.0122496041859,0.0309292799916,0.0703552721809,0.1064602084,0.0703552721809,0.00786340728887,0.0171045440228,0.0309292799916,0.0391645219732,0.0309292799916,0.00415840088682,0.00786340728887,0.0122496041859,0.0144078224572,0.0122496041859,0.00194988673307,0.00330565728767,0.00468640451102,0.00530034167406,0.00468640451102}},
{{0.00530034167406,0.0144078224572,0.0391645219732,0.1064602084,0.1064602084,0.00468640451102,0.0122496041859,0.0309292799916,0.0703552721809,0.1064602084,0.00330565728767,0.00786340728887,0.0171045440228,0.0309292799916,0.0391645219732,0.00194988673307,0.00415840088682,0.00786340728887,0.0122496041859,0.0144078224572,0.00101097684407,0.00194988673307,0.00330565728767,0.00468640451102,0.00530034167406}},
{{0.1064602084,0.0703552721809,0.0309292799916,0.0122496041859,0.00468640451102,0.1064602084,0.1064602084,0.0391645219732,0.0144078224572,0.00530034167406,0.1064602084,0.0703552721809,0.0309292799916,0.0122496041859,0.00468640451102,0.0391645219732,0.0309292799916,0.0171045440228,0.00786340728887,0.00330565728767,0.0144078224572,0.0122496041859,0.00786340728887,0.00415840088682,0.00194988673307}},
{{0.0703552721809,0.1064602084,0.0703552721809,0.0309292799916,0.0122496041859,0.1064602084,0.1064602084,0.1064602084,0.0391645219732,0.0144078224572,0.0703552721809,0.1064602084,0.0703552721809,0.0309292799916,0.0122496041859,0.0309292799916,0.0391645219732,0.0309292799916,0.0171045440228,0.00786340728887,0.0122496041859,0.0144078224572,0.0122496041859,0.00786340728887,0.00415840088682}},
{{0.0309292799916,0.0703552721809,0.1064602084,0.0703552721809,0.0309292799916,0.0391645219732,0.1064602084,0.1064602084,0.1064602084,0.0391645219732,0.0309292799916,0.0703552721809,0.1064602084,0.0703552721809,0.0309292799916,0.0171045440228,0.0309292799916,0.0391645219732,0.0309292799916,0.0171045440228,0.00786340728887,0.0122496041859,0.0144078224572,0.0122496041859,0.00786340728887}},
{{0.0122496041859,0.0309292799916,0.0703552721809,0.1064602084,0.0703552721809,0.0144078224572,0.0391645219732,0.1064602084,0.1064602084,0.1064602084,0.0122496041859,0.0309292799916,0.0703552721809,0.1064602084,0.0703552721809,0.00786340728887,0.0171045440228,0.0309292799916,0.0391645219732,0.0309292799916,0.00415840088682,0.00786340728887,0.0122496041859,0.0144078224572,0.0122496041859}},
{{0.00468640451102,0.0122496041859,0.0309292799916,0.0703552721809,0.1064602084,0.00530034167406,0.0144078224572,0.0391645219732,0.1064602084,0.1064602084,0.00468640451102,0.0122496041859,0.0309292799916,0.0703552721809,0.1064602084,0.00330565728767,0.00786340728887,0.0171045440228,0.0309292799916,0.0391645219732,0.00194988673307,0.00415840088682,0.00786340728887,0.0122496041859,0.0144078224572}},
{{0.0391645219732,0.0309292799916,0.0171045440228,0.00786340728887,0.00330565728767,0.1064602084,0.0703552721809,0.0309292799916,0.0122496041859,0.00468640451102,0.1064602084,0.1064602084,0.0391645219732,0.0144078224572,0.00530034167406,0.1064602084,0.0703552721809,0.0309292799916,0.0122496041859,0.00468640451102,0.0391645219732,0.0309292799916,0.0171045440228,0.00786340728887,0.00330565728767}},
{{0.0309292799916,0.0391645219732,0.0309292799916,0.0171045440228,0.00786340728887,0.0703552721809,0.1064602084,0.0703552721809,0.0309292799916,0.0122496041859,0.1064602084,0.1064602084,0.1064602084,0.0391645219732,0.0144078224572,0.0703552721809,0.1064602084,0.0703552721809,0.0309292799916,0.0122496041859,0.0309292799916,0.0391645219732,0.0309292799916,0.0171045440228,0.00786340728887}},
{{0.0171045440228,0.0309292799916,0.0391645219732,0.0309292799916,0.0171045440228,0.0309292799916,0.0703552721809,0.1064602084,0.0703552721809,0.0309292799916,0.0391645219732,0.1064602084,0.1064602084,0.1064602084,0.0391645219732,0.0309292799916,0.0703552721809,0.1064602084,0.0703552721809,0.0309292799916,0.0171045440228,0.0309292799916,0.0391645219732,0.0309292799916,0.0171045440228}},
{{0.00786340728887,0.0171045440228,0.0309292799916,0.0391645219732,0.0309292799916,0.0122496041859,0.0309292799916,0.0703552721809,0.1064602084,0.0703552721809,0.0144078224572,0.0391645219732,0.1064602084,0.1064602084,0.1064602084,0.0122496041859,0.0309292799916,0.0703552721809,0.1064602084,0.0703552721809,0.00786340728887,0.0171045440228,0.0309292799916,0.0391645219732,0.0309292799916}},
{{0.00330565728767,0.00786340728887,0.0171045440228,0.0309292799916,0.0391645219732,0.00468640451102,0.0122496041859,0.0309292799916,0.0703552721809,0.1064602084,0.00530034167406,0.0144078224572,0.0391645219732,0.1064602084,0.1064602084,0.00468640451102,0.0122496041859,0.0309292799916,0.0703552721809,0.1064602084,0.00330565728767,0.00786340728887,0.0171045440228,0.0309292799916,0.0391645219732}},
{{0.0144078224572,0.0122496041859,0.00786340728887,0.00415840088682,0.00194988673307,0.0391645219732,0.0309292799916,0.0171045440228,0.00786340728887,0.00330565728767,0.1064602084,0.0703552721809,0.0309292799916,0.0122496041859,0.00468640451102,0.1064602084,0.1064602084,0.0391645219732,0.0144078224572,0.00530034167406,0.1064602084,0.0703552721809,0.0309292799916,0.0122496041859,0.00468640451102}},
{{0.0122496041859,0.0144078224572,0.0122496041859,0.00786340728887,0.00415840088682,0.0309292799916,0.0391645219732,0.0309292799916,0.0171045440228,0.00786340728887,0.0703552721809,0.1064602084,0.0703552721809,0.0309292799916,0.0122496041859,0.1064602084,0.1064602084,0.1064602084,0.0391645219732,0.0144078224572,0.0703552721809,0.1064602084,0.0703552721809,0.0309292799916,0.0122496041859}},
{{0.00786340728887,0.0122496041859,0.0144078224572,0.0122496041859,0.00786340728887,0.0171045440228,0.0309292799916,0.0391645219732,0.0309292799916,0.0171045440228,0.0309292799916,0.0703552721809,0.1064602084,0.0703552721809,0.0309292799916,0.0391645219732,0.1064602084,0.1064602084,0.1064602084,0.0391645219732,0.0309292799916,0.0703552721809,0.1064602084,0.0703552721809,0.0309292799916}},
{{0.00415840088682,0.00786340728887,0.0122496041859,0.0144078224572,0.0122496041859,0.00786340728887,0.0171045440228,0.0309292799916,0.0391645219732,0.0309292799916,0.0122496041859,0.0309292799916,0.0703552721809,0.1064602084,0.0703552721809,0.0144078224572,0.0391645219732,0.1064602084,0.1064602084,0.1064602084,0.0122496041859,0.0309292799916,0.0703552721809,0.1064602084,0.0703552721809}},
{{0.00194988673307,0.00415840088682,0.00786340728887,0.0122496041859,0.0144078224572,0.00330565728767,0.00786340728887,0.0171045440228,0.0309292799916,0.0391645219732,0.00468640451102,0.0122496041859,0.0309292799916,0.0703552721809,0.1064602084,0.00530034167406,0.0144078224572,0.0391645219732,0.1064602084,0.1064602084,0.00468640451102,0.0122496041859,0.0309292799916,0.0703552721809,0.1064602084}},
{{0.00530034167406,0.00468640451102,0.00330565728767,0.00194988673307,0.00101097684407,0.0144078224572,0.0122496041859,0.00786340728887,0.00415840088682,0.00194988673307,0.0391645219732,0.0309292799916,0.0171045440228,0.00786340728887,0.00330565728767,0.1064602084,0.0703552721809,0.0309292799916,0.0122496041859,0.00468640451102,0.1064602084,0.1064602084,0.0391645219732,0.0144078224572,0.00530034167406}},
{{0.00468640451102,0.00530034167406,0.00468640451102,0.00330565728767,0.00194988673307,0.0122496041859,0.0144078224572,0.0122496041859,0.00786340728887,0.00415840088682,0.0309292799916,0.0391645219732,0.0309292799916,0.0171045440228,0.00786340728887,0.0703552721809,0.1064602084,0.0703552721809,0.0309292799916,0.0122496041859,0.1064602084,0.1064602084,0.1064602084,0.0391645219732,0.0144078224572}},
{{0.00330565728767,0.00468640451102,0.00530034167406,0.00468640451102,0.00330565728767,0.00786340728887,0.0122496041859,0.0144078224572,0.0122496041859,0.00786340728887,0.0171045440228,0.0309292799916,0.0391645219732,0.0309292799916,0.0171045440228,0.0309292799916,0.0703552721809,0.1064602084,0.0703552721809,0.0309292799916,0.0391645219732,0.1064602084,0.1064602084,0.1064602084,0.0391645219732}},
{{0.00194988673307,0.00330565728767,0.00468640451102,0.00530034167406,0.00468640451102,0.00415840088682,0.00786340728887,0.0122496041859,0.0144078224572,0.0122496041859,0.00786340728887,0.0171045440228,0.0309292799916,0.0391645219732,0.0309292799916,0.0122496041859,0.0309292799916,0.0703552721809,0.1064602084,0.0703552721809,0.0144078224572,0.0391645219732,0.1064602084,0.1064602084,0.1064602084}},
{{0.00101097684407,0.00194988673307,0.00330565728767,0.00468640451102,0.00530034167406,0.00194988673307,0.00415840088682,0.00786340728887,0.0122496041859,0.0144078224572,0.00330565728767,0.00786340728887,0.0171045440228,0.0309292799916,0.0391645219732,0.00468640451102,0.0122496041859,0.0309292799916,0.0703552721809,0.1064602084,0.00530034167406,0.0144078224572,0.0391645219732,0.1064602084,0.1064602084}},
}};